0 22.703884 0.000071 22.705051
1 23.380041 0.000147 23.381168
2 25.741619 0.000432 25.743855
3 25.144876 0.000144 25.146067
4 23.858034 0.000130 23.859177
5 18.872198 0.000084 18.873362
6 20.624531 0.000182 20.626966
7 24.109222 0.000112 24.110086
8 24.710382 0.000123 24.711388
9 25.033646 0.000049 25.034325
10 22.911867 0.000072 22.912769
11 22.045483 0.000114 22.046665
12 18.042044 0.000078 18.042923
13 17.134958 0.000080 17.135452
14 15.970167 0.000043 15.971169
15 19.362965 0.000103 19.363821
16 21.845591 0.000099 21.846333
17 22.642998 0.000070 22.643785
18 25.235243 0.000135 25.236137
19 19.788887 0.000071 19.789829
20 21.397388 0.000078 21.398363
21 15.863150 0.000079 15.863955
22 17.718887 0.000073 17.719704
23 21.732319 0.000163 21.733578
24 22.431959 0.000429 22.433142
25 21.912354 0.000049 21.913435
26 22.181507 0.000082 22.182714
27 19.343317 0.000162 19.344372
28 19.113480 0.000128 19.114489
29 19.404196 0.004140 19.409626
30 18.494598 6.837414 25.332933
31 23.094585 7.335320 30.431467
32 21.566851 7.127752 28.695498
33 23.873236 7.384978 31.259205
34 17.166878 7.139781 24.307461
35 22.190355 6.852328 29.043526
36 24.442995 8.171239 32.616405
37 16.808722 7.188798 23.998402
38 16.148596 6.071631 22.221020
39 19.651772 7.052757 26.705618
40 17.968636 6.922137 24.891668
41 19.046499 7.901968 26.949490
42 16.012642 6.290322 22.303768
43 24.337206 7.443657 31.781780
44 20.566570 8.454353 29.022659
45 15.547675 8.451203 24.000298
46 21.262440 7.055717 28.319315
47 16.722275 6.089954 22.812956
48 20.943176 7.021390 27.965239
49 20.094215 6.162090 26.257069
50 18.509398 7.706910 26.217426
51 21.933064 8.322442 30.256474
52 26.240871 10.019972 36.262428
53 20.163523 7.192902 27.357679
54 22.489841 7.541431 30.032145
55 21.971060 7.586080 29.558359
56 19.826742 7.671017 27.498787
57 22.021345 7.533831 29.556389
58 20.589987 7.475696 28.066698
59 20.802732 7.223466 28.027273
60 17.204082 7.210936 24.415834
61 17.688391 6.996157 24.685478
62 17.730076 9.158789 26.890268
63 23.849575 7.508908 31.359821
64 21.124424 7.913101 29.038418
65 19.627232 6.997155 26.625643
66 22.814035 7.632559 30.447639
67 24.863756 7.062368 31.927248
68 23.757866 7.082830 30.841782
69 26.587086 8.894133 35.482540
70 17.993093 8.015630 26.009325
71 23.156713 7.134370 30.292049
72 18.347155 7.015021 25.362886
73 23.342295 7.468811 30.811928
74 23.327360 9.097349 32.425739
75 17.760517 7.140245 24.901487
76 20.498526 7.259770 27.759146
77 21.007685 7.778381 28.787157
78 24.041395 7.031494 31.073551
79 24.273603 7.014167 31.288607
80 23.064190 9.601762 32.667431
81 16.499617 8.311142 24.811647
82 19.945194 9.131258 29.077354
83 23.253109 8.196616 31.450727
84 20.702095 7.317232 28.020172
85 21.746048 7.006101 28.753382
86 26.314022 8.153891 34.468914
87 19.196651 7.577779 26.775368
88 22.576460 7.019839 29.597069
89 24.851267 8.731404 33.584076
90 21.347502 7.784704 29.132856
91 20.016903 7.241019 27.259071
92 19.239475 7.485405 26.725813
93 26.412289 7.034851 33.448006
94 25.500038 8.230723 33.731850
95 22.963766 8.234324 31.199461
96 23.108982 7.324108 30.433941
97 21.241182 7.018861 28.260740
98 18.664293 7.301789 25.966930
99 23.436140 8.278771 31.716085
100 27.660110 7.427540 35.088478
101 17.203571 7.405768 24.610821
102 24.720863 8.143971 32.865990
103 29.170403 10.964366 40.136211
104 22.241491 7.124443 29.367210
105 25.056887 7.635623 32.693649
106 23.175777 7.007626 30.184475
107 25.024014 7.805376 32.830532
108 16.421452 6.310987 22.733273
109 16.622126 8.258775 24.881802
110 24.024727 7.154486 31.180407
111 23.448807 7.017815 30.467300
112 22.366869 7.052246 29.420147
113 17.286884 7.091954 24.380013
114 19.359289 7.751004 27.111013
115 16.880453 6.624906 23.506966
116 18.458193 7.066377 25.525267
117 17.582367 8.156942 25.740099
118 26.722530 8.189851 34.913319
119 25.186390 7.096528 32.284290
120 19.786621 8.050516 27.837891
121 28.061909 8.103694 36.166637
122 28.040646 7.697619 35.739258
123 22.293274 7.230443 29.524551
124 22.330345 6.930240 29.261627
125 20.873199 7.216954 28.090958
126 22.927090 7.409866 30.337709
127 16.314054 7.165770 23.480642
128 19.696205 6.954629 26.651716
129 18.779234 6.943626 25.723988
130 19.048792 6.624832 25.675138
131 17.853245 8.438599 26.292719
132 24.989298 6.225990 31.216135
133 19.263477 6.300084 25.564442
134 16.391394 8.701924 25.094391
135 19.237881 8.396769 27.637810
136 23.542433 6.975525 30.519215
137 17.107796 6.240718 23.349157
138 24.057064 7.651276 31.709284
139 21.666792 7.284284 28.952393
140 22.147980 6.541329 28.690121
141 20.987228 7.139247 28.127586
142 22.580112 7.591420 30.172230
143 14.924771 6.445722 21.371054
144 19.088879 6.954120 26.043819
145 26.187553 6.965460 33.153988
146 24.203072 9.198178 33.402607
147 20.797297 7.921904 28.720104
148 25.595381 6.947338 32.543743
149 22.692799 6.244615 28.938604
150 20.010954 7.193158 27.205133
151 25.276772 6.992826 32.270760
152 25.393709 8.047228 33.442501
153 17.065483 6.644689 23.719673
154 17.183661 7.481815 24.666428
155 23.274443 6.311501 29.586700
156 22.105284 8.848219 30.954838
157 20.611277 8.594136 29.206432
158 19.151386 7.037241 26.189543
159 25.918980 7.587881 33.508453
160 18.184446 7.418236 25.603468
161 22.114098 9.852425 31.967262
162 22.147360 8.135310 30.283619
163 22.652525 8.890947 31.544060
164 25.557774 9.035925 34.594814
165 18.662584 7.437677 26.101053
166 21.569038 7.029418 28.599483
167 21.844812 7.025854 28.871305
168 23.601688 7.656525 31.259552
169 16.766184 8.370273 25.137482
170 25.750111 9.012992 34.763908
171 23.435106 7.824177 31.260759
172 24.266424 7.665707 31.933586
173 23.059057 7.019684 30.079573
174 22.903219 8.087261 30.991447
175 24.565325 7.033858 31.599886
176 23.209078 7.036611 30.246582
177 22.054825 7.046246 29.102106
178 19.534771 8.476301 28.012049
179 21.162563 8.293489 29.457071
180 18.302843 9.077363 27.381126
181 22.574690 10.108455 32.684292
182 26.134905 9.351507 35.487309
183 26.594151 8.427085 35.022518
184 23.999752 7.737249 31.745155
185 27.131348 7.167219 34.299465
186 19.891336 8.468735 28.361130
187 18.014170 7.049776 25.064629
188 22.249615 11.169181 33.420307
189 24.799068 9.307924 34.108009
190 29.621147 7.843492 37.466022
191 23.651270 7.594996 31.247816
192 22.904713 7.021231 29.926777
193 19.733107 7.061001 26.794786
194 24.115004 7.283732 31.399765
195 24.269258 7.016763 31.287024
196 22.728649 7.271807 30.001356
197 21.808559 7.041366 28.850710
198 21.928280 7.578409 29.508366
199 22.537455 7.259662 29.797972
200 20.423647 6.952815 27.377625
201 22.607250 6.288662 28.901802
202 24.333117 6.976484 31.310471
203 16.193932 6.245708 22.440142
204 22.789131 6.328226 29.118431
205 20.544777 6.576110 27.121632
206 17.681086 7.001087 24.683060
207 18.162966 6.331187 24.494909
208 25.062508 6.830835 31.894196
209 24.046249 7.226353 31.273615
210 23.314615 8.300577 31.616211
211 21.707245 6.963747 28.671761
212 24.927343 6.950082 31.878376
213 19.534298 7.134493 26.669724
214 24.881983 6.993499 31.876341
215 24.447395 7.002866 31.451242
216 21.495625 7.220833 28.717302
217 21.693716 8.336675 30.031330
218 24.180792 8.164210 32.346191
219 19.401201 6.310169 25.712250
220 24.031713 6.251299 30.283731
221 19.959892 6.417251 26.377867
222 21.493708 6.958873 28.453209
223 25.278788 6.953730 32.233406
224 23.010353 6.986691 29.997797
225 25.195908 9.198751 34.395847
226 17.886604 7.235495 25.123053
227 25.520227 7.025163 32.545975
228 25.936928 6.769091 32.707081
229 24.586857 6.276154 30.863848
230 15.828903 6.550772 22.380350
231 20.797647 7.441316 28.239923
232 21.221050 7.685762 28.907606
233 18.316263 6.252767 24.569845
234 23.640608 6.958577 30.599962
235 22.897886 7.127362 30.028391
236 18.903952 6.251712 25.156591
237 21.487583 6.429468 27.917768
238 23.016611 6.250358 29.267525
239 22.517874 6.513200 29.032072
240 26.416464 8.097688 34.514767
241 18.664391 6.499273 25.164482
242 21.565390 7.095914 28.662291
243 22.420794 6.288586 28.710251
244 25.014751 6.283762 31.299622
245 19.083635 7.064177 26.148542
246 25.974566 6.979003 32.954262
247 15.465306 6.326653 21.792774
248 20.299639 6.999305 27.299908
249 26.046717 7.187359 33.235081
250 24.213621 7.173074 31.387589
251 26.687433 8.894855 35.583916
252 25.754337 6.322194 32.077404
253 23.851797 7.775918 31.628920
254 23.552111 7.464844 31.018114
255 22.872375 7.118947 29.992094
256 21.353655 6.354965 27.709717
257 17.506289 7.135307 24.642513
258 24.645674 7.043381 31.689997
259 22.488239 7.041693 29.531017
260 20.782948 7.065353 27.849218
261 23.206522 7.061766 30.269327
262 22.503786 7.336462 29.841570
263 18.537704 6.675153 25.214008
264 24.358725 6.329493 30.689125
265 22.121361 7.092960 29.215200
266 18.411634 6.372070 24.784506
267 20.039679 7.680172 27.720810
268 20.885231 7.077724 27.963825
269 21.576630 8.642768 30.220259
270 22.997957 7.623523 30.622093
271 22.903996 7.282959 30.187845
272 31.680307 6.336518 38.017712
273 17.512423 6.342535 23.855930
274 24.724417 7.049562 31.775148
275 27.299194 7.864736 35.165127
276 23.251326 6.990787 30.242825
277 24.896606 6.642438 31.540033
278 28.149174 7.020816 35.171329
279 21.106043 7.215743 28.322695
280 24.728514 7.519948 32.249783
281 20.484884 8.207343 28.693544
282 20.921658 7.054466 27.977022
283 16.822332 7.021554 23.845186
284 24.341440 7.053696 31.396048
285 24.174269 7.125008 31.300262
286 24.547997 7.147833 31.696648
287 23.126705 11.242751 34.370571
288 23.539616 6.333519 29.874033
289 23.273373 7.037127 30.311420
290 24.607962 7.050392 31.659266
291 22.773483 6.495702 29.269882
292 15.743967 6.505395 22.250168
293 26.465630 7.049672 33.516212
294 17.710381 6.299081 24.010084
295 24.502117 8.571294 33.075779
296 29.355421 7.011481 36.368065
297 19.980663 8.047556 28.029842
298 18.232159 7.691568 25.924438
299 22.364830 12.160759 34.526611
300 23.107805 8.156516 31.265347
301 23.351849 7.026102 30.378950
302 26.411591 9.663934 36.076920
303 26.743826 7.007329 33.752018
304 22.040998 7.002378 29.044279
305 23.272331 6.614265 29.887400
306 20.806343 7.141846 27.949224
307 23.663340 7.476046 31.140650
308 25.991310 6.354596 32.346661
309 18.994320 7.202202 26.197441
310 21.187031 11.310443 32.498665
311 22.422913 6.872421 29.296415
312 24.116249 6.259420 30.376444
313 25.996012 6.287163 32.283916
314 15.354859 6.776498 22.131969
315 22.513172 11.700005 34.214752
316 24.840521 6.981050 31.822514
317 17.372583 6.338319 23.711931
318 17.025314 7.113580 24.139763
319 19.586061 7.152076 26.739147
320 19.047012 7.257622 26.305986
321 23.435110 7.001022 30.436943
322 26.100174 7.008097 33.109257
323 22.951141 6.962572 29.914614
324 23.371714 7.019097 30.391575
325 23.361334 6.988437 30.350685
326 20.508343 7.002324 27.511917
327 25.590582 6.717139 32.308544
328 24.343273 7.083880 31.428455
329 18.630217 6.969728 25.600941
330 24.915861 7.282586 32.199432
331 23.993055 6.311264 30.305143
332 24.079634 6.400855 30.481634
333 22.849859 6.301749 29.152395
334 23.818920 7.365193 31.185211
335 24.649893 8.029231 32.680054
336 22.173283 7.915116 30.089352
337 24.724842 6.333438 31.059132
338 21.977957 7.322705 29.301523
339 18.825138 8.891859 27.718761
340 24.997883 8.490890 33.489819
341 23.437199 7.041891 30.479815
342 18.779623 6.965558 25.745897
343 20.335886 7.971797 28.308607
344 24.326347 7.003379 31.330397
345 25.857708 6.960788 32.819881
346 20.636333 7.152636 27.789766
347 24.954409 6.970950 31.926558
348 18.359274 7.001813 25.361982
349 25.580662 7.035611 32.617081
350 22.038399 8.666024 30.705633
351 23.327463 7.046609 30.375090
352 27.837954 7.718939 35.558041
353 17.403811 7.109330 24.513821
354 28.101431 7.225612 35.328045
355 25.141010 6.977706 32.119789
356 22.897427 6.982136 29.880560
357 22.667522 7.042384 29.710852
358 17.744698 7.228889 24.974564
359 23.610762 11.441041 35.052990
360 24.334633 7.643821 31.979504
361 21.542927 7.055845 28.599815
362 25.277689 8.095008 33.373875
363 20.436373 6.248098 26.685434
364 23.005482 7.787530 30.793873
365 23.841711 7.080763 30.923706
366 23.370331 6.544232 29.916016
367 19.638128 7.072394 26.711792
368 20.458796 7.049605 27.509203
369 25.338865 7.026232 32.365978
370 19.839954 8.492126 28.332932
371 20.262207 6.411594 26.674561
372 24.715422 7.020144 31.736401
373 24.658426 7.374532 32.034664
374 24.618120 7.014336 31.633417
375 21.022860 7.042886 28.066511
376 22.770769 7.928314 30.700014
377 25.480499 7.037462 32.518696
378 26.968916 8.431016 35.401443
379 20.579029 7.084125 27.664122
380 20.624807 7.161367 27.787039
381 21.230791 7.059471 28.290966
382 19.849653 7.043348 26.893667
383 28.549215 7.127881 35.678268
384 19.306379 6.327877 25.635002
385 24.132950 7.073196 31.206947
386 23.162020 7.075191 30.237816
387 25.270775 7.092268 32.364250
388 22.031519 8.119976 30.152718
389 27.541014 8.050167 35.591850
390 22.290392 7.803249 30.094454
391 26.395205 13.487344 39.883564
392 20.694176 7.115250 27.810247
393 21.687824 7.063187 28.751720
394 17.855970 7.121583 24.978306
395 19.616638 11.741089 31.358597
396 17.545397 7.056033 24.602242
397 24.425999 6.362423 30.789242
398 23.793049 7.096117 30.889984
399 22.703215 7.094470 29.798519
400 19.367584 6.329574 25.697899
401 23.807255 7.275418 31.083607
402 17.296005 7.154015 24.450802
403 25.300224 7.086570 32.387733
404 27.022652 8.017499 35.041409
405 20.179604 10.159556 30.339830
406 23.654493 7.889086 31.544891
407 21.995319 7.058794 29.054935
408 24.147860 7.062025 31.210981
409 19.238026 7.064911 26.303768
410 25.007393 9.515206 34.523773
411 27.339596 7.047570 34.388134
412 26.246628 6.367493 32.615234
413 20.410372 6.564016 26.975279
414 22.062744 7.662641 29.726330
415 21.992821 7.536130 29.529772
416 24.363840 6.346457 30.711046
417 25.972483 8.453286 34.426861
418 20.824356 6.487113 27.312323
419 17.241653 7.130130 24.372561
420 19.032362 7.148801 26.182135
421 16.866657 6.286356 23.153843
422 21.581064 6.625922 28.207952
423 25.498446 6.305598 31.805025
424 21.746170 6.314628 28.061884
425 24.990088 8.522879 33.514122
426 17.198822 6.528126 23.727951
427 22.163036 6.677217 28.841555
428 17.877726 6.289174 24.167608
429 23.818262 6.290824 30.109894
430 22.871443 7.283737 30.156429
431 21.078213 7.013132 28.092236
432 25.099676 8.857704 33.958488
433 29.395704 7.007313 36.403938
434 24.697025 7.927299 32.625526
435 25.487465 7.032720 32.521233
436 20.257557 7.153590 27.412155
437 20.897667 7.014119 27.912483
438 31.715906 6.441337 38.158234
439 20.775272 9.561592 30.337845
440 24.016737 6.997644 31.015383
441 24.824219 8.810074 33.635601
442 26.981594 6.971736 33.954414
443 21.956497 7.207251 29.164549
444 21.189875 8.614784 29.805874
445 23.515436 7.159330 30.675650
446 18.741615 6.361071 25.103525
447 20.890112 7.286986 28.178087
448 24.968063 7.630201 32.599510
449 24.417856 8.803190 33.222382
450 21.284882 9.318480 30.604465
451 26.238949 6.321246 32.560722
452 20.527674 7.096004 27.624830
453 27.453175 7.015409 34.469540
454 23.937534 7.596397 31.534739
455 23.118408 7.017730 30.137045
456 23.762247 7.083523 30.846861
457 30.952211 9.959486 40.912388
458 25.607906 7.083731 32.692516
459 19.771833 7.084604 26.857170
460 22.329742 7.222458 29.552986
461 20.382771 7.254803 27.638502
462 19.603016 7.281826 26.885803
463 24.915005 7.404063 32.320538
464 23.200907 7.856528 31.058573
465 19.032192 7.870803 26.903812
466 23.490973 7.628002 31.119955
467 23.295305 7.346889 30.643042
468 23.555523 7.238416 30.794876
469 23.115774 7.130149 30.246628
470 19.454031 6.420679 25.875355
471 21.632048 6.358663 27.991571
472 20.039761 6.418147 26.458580
473 22.738634 6.379510 29.118792
474 20.982386 7.602126 28.585625
475 25.299009 7.133152 32.433338
476 23.562410 7.212642 30.775940
477 25.329243 6.582082 31.912558
478 25.587500 7.084407 32.672600
479 26.584332 7.074633 33.659801
480 27.467226 8.129863 35.597950
481 24.304213 7.154613 31.459856
482 25.723543 7.322375 33.047043
483 25.824089 6.383577 32.208401
484 16.855742 6.568617 23.425089
485 23.397148 7.103520 30.501965
486 25.203348 7.111169 32.315552
487 23.373972 7.446988 30.821915
488 20.905828 6.377848 27.284418
489 21.414539 8.384960 29.800417
490 22.554958 7.214632 29.770758
491 22.910576 6.356969 29.268253
492 22.147175 6.337027 28.484940
493 17.552773 7.202216 24.755783
494 24.352600 7.100503 31.453922
495 20.922119 8.268095 29.191242
496 17.195234 6.979383 24.175512
497 16.370996 6.951249 23.322969
498 20.951778 6.422694 27.375214
499 23.645039 7.078750 30.724577
500 18.619968 7.089790 25.710682
501 20.036751 7.642455 27.680132
502 24.503866 7.295124 31.799961
503 19.148937 7.097244 26.246983
504 22.783873 7.092572 29.877577
505 21.378447 7.091920 28.471224
506 21.087433 15.035172 36.124329
507 23.834843 6.336422 30.172195
508 22.809603 7.144287 29.954554
509 17.904673 6.453341 24.358805
510 18.437546 7.171536 25.609934
511 19.578815 6.411918 25.991693
512 23.757263 6.375759 30.133965
513 17.500547 6.414541 23.916538
514 22.262257 6.397969 28.661837
515 17.646769 6.344758 23.992001
516 17.230354 6.553244 23.784340
517 19.389372 7.067319 26.457813
518 26.567242 6.319109 32.887360
519 19.786419 6.643797 26.431313
520 22.168610 6.366964 28.536337
521 22.796898 6.342910 29.140650
522 23.954266 6.351896 30.306900
523 25.598490 7.077691 32.676895
524 23.845680 7.116940 30.963417
525 24.432510 7.302822 31.736210
526 18.296877 8.140500 26.438345
527 21.393642 6.529659 27.924603
528 23.689619 7.133837 30.824614
529 30.828127 10.474062 41.303600
530 19.235691 7.031186 26.267767
531 21.660246 8.215592 29.877333
532 18.739038 7.231076 25.971317
533 21.109932 7.875105 28.985765
534 20.738279 7.122035 27.861212
535 27.062725 7.442080 34.505634
536 21.253689 7.527355 28.781713
537 23.519753 6.358799 29.879446
538 23.949953 7.079654 31.030624
539 26.009258 7.512029 33.522221
540 19.382435 9.852827 29.236410
541 22.326262 7.079584 29.406681
542 16.974592 7.018909 23.994333
543 19.731401 7.930374 27.662611
544 22.169691 7.382164 29.553003
545 17.786934 7.114047 24.902006
546 21.541351 7.483332 29.025721
547 18.328312 7.386269 25.715412
548 22.238125 9.285493 31.524525
549 21.052595 7.107672 28.161339
550 19.992647 7.797206 27.790707
551 18.059052 7.328673 25.388809
552 23.464918 6.395589 29.861364
553 26.478220 9.154804 35.633759
554 22.433887 7.747077 30.181734
555 21.393711 7.271077 28.665739
556 21.606195 9.253273 30.860435
557 22.014036 14.488676 36.504189
558 23.356895 8.520261 31.879141
559 19.665499 7.218972 26.885254
560 24.095236 8.699230 32.795444
561 19.044428 7.167995 26.213285
562 24.679781 9.178083 33.858803
563 15.934052 8.382158 24.317102
564 17.289690 7.134556 24.425156
565 21.299484 6.734785 28.035208
566 20.700977 7.600009 28.302284
567 20.104950 7.194074 27.299772
568 25.809048 7.067646 32.877991
569 19.804535 7.122959 26.928127
570 18.838400 8.735639 27.575050
571 19.615353 7.439122 27.055347
572 18.496246 7.305871 25.802900
573 16.330500 7.042748 23.373884
574 15.160902 6.879398 22.041065
575 20.227669 6.993263 27.221909
576 19.708683 7.153391 26.863218
577 22.257277 7.149004 29.407381
578 20.074594 7.461843 27.537310
579 16.673891 8.233062 24.907907
580 20.431463 7.249861 27.682447
581 20.833372 7.247188 28.081568
582 20.106401 7.637634 27.745169
583 15.429370 6.399730 21.829790
584 21.229404 7.198799 28.429161
585 26.145195 7.084798 33.230778
586 24.559574 7.759387 32.319923
587 15.975355 7.348805 23.324940
588 20.994047 7.124285 28.119112
589 16.228495 7.133902 23.363474
590 22.058954 7.114875 29.174831
591 22.151384 7.108151 29.260382
592 22.683702 7.117062 29.801836
593 24.799072 7.137211 31.936897
594 21.890881 11.046483 32.938408
595 27.951750 7.136554 35.089264
596 22.302677 7.429788 29.733517
597 19.215807 7.119150 26.335756
598 21.548887 8.391179 29.940849
599 25.366135 8.367013 33.734524
600 17.930962 8.305232 26.237398
601 20.929916 7.804958 28.736118
602 20.257748 7.078839 27.337456
603 18.294401 6.809064 25.104448
604 19.883402 6.379935 26.264156
605 22.696728 8.799283 31.497015
606 25.252787 7.113581 32.367374
607 24.189985 7.093777 31.284599
608 23.804169 7.763722 31.568857
609 27.382544 6.375339 33.758781
610 26.348722 8.258623 34.608841
611 21.372572 6.439058 27.812660
612 15.179362 6.522377 21.702969
613 16.695934 6.299611 22.996269
614 15.264036 6.280709 21.545225
615 26.333183 7.145319 33.479820
616 23.615316 6.321475 29.937862
617 23.823711 7.069776 30.894421
618 16.430670 8.421940 24.853468
619 21.170195 6.366804 27.537693
620 20.791214 6.484961 27.276945
621 17.379019 6.634887 24.014721
622 23.083618 7.068857 30.153246
623 21.638250 7.099924 28.739513
624 26.154779 7.034981 33.190701
625 16.995609 7.418319 24.414791
626 23.824713 7.004842 30.830517
627 20.004278 8.878307 28.883467
628 17.707390 7.048551 24.756735
629 24.585859 7.726699 32.313740
630 24.048151 8.277685 32.326881
631 24.910749 6.355641 31.267113
632 18.017950 9.007508 27.026360
633 18.531034 7.098792 25.630594
634 25.036098 7.064794 32.102020
635 21.731499 6.384445 28.116577
636 18.771160 7.080814 25.852818
637 22.021311 7.695535 29.717865
638 22.198669 7.088922 29.288618
639 19.428532 6.337789 25.766937
640 22.026356 6.405184 28.432245
641 18.372437 6.356218 24.729153
642 23.778982 7.210190 30.990389
643 20.389841 7.069079 27.460117
644 17.749914 7.069796 24.820400
645 22.983980 7.237842 30.222834
646 19.932774 7.209430 27.143007
647 20.522251 7.674203 28.197733
648 25.572075 6.356229 31.929211
649 20.485218 6.652145 27.138359
650 21.931641 6.770899 28.703545
651 21.033129 6.300226 27.333981
652 19.634672 7.038329 26.673552
653 20.095087 7.065266 27.161110
654 21.569323 7.194875 28.765320
655 23.184893 8.446166 31.631828
656 24.742237 7.890644 32.634201
657 19.801460 7.500813 27.303667
658 26.644217 7.621475 34.266979
659 22.676908 7.341413 30.019348
660 25.075853 8.351508 33.428364
661 21.575281 7.053850 28.629787
662 20.833447 7.209283 28.043694
663 23.459040 7.076023 30.536102
664 20.790434 7.043052 27.834190
665 20.658346 6.318114 26.977491
666 18.334311 6.417739 24.753256
667 17.388081 7.437968 24.826710
668 21.055765 7.083653 28.140102
669 19.142195 6.366931 25.509785
670 23.425686 8.154345 31.581779
671 19.417189 7.347570 26.765694
672 23.429199 7.010559 30.440624
673 27.165154 7.769077 34.935078
674 35.064137 9.249731 44.315022
675 17.459139 7.143870 24.603842
676 23.851349 6.995730 30.847830
677 24.039917 7.014278 31.055243
678 25.979826 6.293459 32.273865
679 20.696135 6.946785 27.644161
680 17.386633 6.760365 24.147692
681 21.532751 6.311931 27.845331
682 23.440933 6.301423 29.743076
683 22.823168 7.701450 30.525845
684 23.750048 6.326391 30.077192
685 16.430653 6.533978 22.965485
686 17.354532 6.383793 23.738985
687 16.060368 6.793028 22.854349
688 20.115150 10.210061 30.326153
689 26.582766 6.997945 33.581543
690 24.986109 9.644198 34.631207
691 17.315889 6.311307 23.627691
692 17.375406 7.179243 24.555422
693 21.793701 6.306785 28.101238
694 20.756992 6.308161 27.065929
695 21.283918 6.301790 27.586649
696 29.212118 6.543820 35.757027
697 29.780865 7.612900 37.394779
698 22.168379 6.777115 28.946524
699 17.976677 7.134689 25.111963
700 19.512886 7.249632 26.763756
701 22.794472 6.998363 29.793921
702 21.098875 7.075143 28.174793
703 20.838114 7.164661 28.003635
704 20.579603 7.150263 27.730543
705 20.585608 7.213834 27.800629
706 20.488312 7.391938 27.881739
707 15.095914 6.384691 21.481348
708 20.840729 7.131725 27.973051
709 26.339951 14.342016 40.683319
710 23.136076 6.378379 29.515434
711 30.439981 7.102505 37.543655
712 22.928352 7.060667 29.990320
713 24.864111 7.062678 31.927895
714 23.835300 7.021127 30.857243
715 17.638418 6.456490 24.095728
716 19.588547 6.338265 25.927418
717 23.882116 7.091124 30.974226
718 21.229401 7.101681 28.332073
719 19.232409 8.814869 28.048464
720 23.268658 8.629591 31.899197
721 16.691683 7.101843 23.794306
722 18.739918 7.429849 26.171041
723 22.950153 7.018633 29.970301
724 19.677084 7.345869 27.023794
725 21.762262 6.392140 28.155378
726 23.345852 6.324079 29.671106
727 21.371370 9.109902 30.482126
728 17.630180 6.380469 24.011173
729 22.251444 8.021556 30.273893
730 18.301710 6.583460 24.885897
731 19.925440 6.383057 26.309137
732 21.235701 6.332312 27.568794
733 19.430368 7.043054 26.474121
734 21.399603 7.099160 28.499613
735 22.478174 7.136433 29.615673
736 23.804340 7.880090 31.685383
737 24.177687 7.833679 32.012962
738 23.844553 7.270136 31.115772
739 23.336613 7.015957 30.353222
740 21.825029 7.026978 28.852777
741 18.833689 7.034990 25.869614
742 21.119867 7.070255 28.190998
743 24.727369 7.100855 31.829414
744 25.581709 7.092459 32.674961
745 17.080292 7.544208 24.625347
746 20.952768 7.049926 28.003592
747 22.837420 6.529031 29.367439
748 17.024860 6.328125 23.353758
749 25.754004 9.760855 35.515697
750 22.286200 7.665372 29.952290
751 18.618456 7.220021 25.839577
752 19.133247 7.065658 26.199842
753 21.517387 8.430956 29.949575
754 25.075678 6.991935 32.068691
755 20.901737 7.043437 27.946054
756 20.833101 6.982818 27.816996
757 23.615269 7.320656 30.937084
758 22.705198 6.967930 29.673801
759 24.603149 6.987448 31.591555
760 22.383072 6.505231 28.889074
761 25.446821 6.982062 32.430206
762 23.058636 7.854543 30.914150
763 25.292946 7.093516 32.387402
764 21.967932 6.509970 28.478718
765 19.810829 6.380739 26.192572
766 16.593704 6.315477 22.910057
767 24.941730 7.151599 32.094418
768 20.178043 7.011070 27.190128
769 16.762953 6.556464 23.320284
770 19.903263 6.327697 26.232174
771 24.418009 6.972897 31.391903
772 21.056850 6.965797 28.023504
773 20.724974 7.140869 27.866646
774 22.711718 6.975375 29.687794
775 24.440336 6.982414 31.423538
776 23.900328 6.290756 30.191780
777 17.346920 7.026677 24.374437
778 22.990803 7.005142 29.996822
779 27.254337 6.316679 33.571896
780 18.390102 7.678344 26.069113
781 22.089603 6.499881 28.590294
782 22.707863 6.980342 29.689039
783 16.989956 7.175017 24.165646
784 23.802473 6.999861 30.803097
785 20.154627 7.160103 27.315704
786 24.075909 6.987387 31.064257
787 24.491983 7.025806 31.518837
788 30.789980 6.615229 37.406406
789 17.265944 7.001641 24.268232
790 24.648317 7.023340 31.672621
791 25.416130 7.039420 32.456684
792 23.816595 7.075973 30.893442
793 20.642485 7.567680 28.211031
794 24.747782 8.291646 33.041348
795 20.890205 7.481835 28.372753
796 22.581432 6.992701 29.574930
797 30.252045 6.299428 36.552235
798 22.262651 6.485025 28.748337
799 19.810307 7.529819 27.341011
800 19.670040 6.828890 26.499786
801 22.607391 6.963454 29.571882
802 23.939398 7.350336 31.290461
803 25.083157 7.074617 32.158443
804 17.468687 7.370348 24.839882
805 25.075495 7.477340 32.553825
806 23.045965 6.475919 29.523182
807 17.017363 6.579406 23.597511
808 25.023357 7.071183 32.095554
809 24.251406 6.639464 30.891676
810 17.951984 8.045401 25.998466
811 21.579422 7.262933 28.843094
812 28.703909 7.574512 36.279270
813 26.145309 7.056988 33.203159
814 19.753208 7.962392 27.716578
815 20.812519 7.948287 28.761992
816 18.836201 7.109014 25.946047
817 24.389160 7.394648 31.784950
818 18.429558 7.573557 26.004204
819 19.520124 7.076523 26.597530
820 22.706007 7.231004 29.938129
821 17.876549 7.698308 25.575645
822 25.053459 7.136219 32.190392
823 23.398909 13.772170 37.172886
824 23.153978 9.494031 32.648834
825 25.325430 6.466724 31.793154
826 22.201927 7.092915 29.295591
827 19.368605 6.446644 25.816057
828 21.932808 7.837499 29.771017
829 26.122753 7.149815 33.273712
830 22.159674 7.151810 29.312229
831 17.168587 7.318353 24.487726
832 22.434700 6.412229 28.847631
833 24.472727 8.602137 33.075954
834 24.181334 7.128326 31.310757
835 24.097956 8.588587 32.687393
836 24.341824 7.188673 31.531393
837 17.069000 8.082796 25.152260
838 19.089811 7.257377 26.347948
839 24.793476 7.138240 31.932570
840 24.972631 8.836701 33.810051
841 23.529133 6.622890 30.153236
842 23.582413 7.125456 30.708977
843 20.934788 7.120857 28.056545
844 22.620075 8.057340 30.678610
845 22.475149 7.103096 29.579029
846 22.241901 7.177686 29.420641
847 20.744642 7.083132 27.828514
848 23.914433 7.342714 31.258270
849 19.238180 7.112236 26.351053
850 27.126738 11.827365 38.955116
851 14.851021 6.644545 21.496115
852 19.915277 6.389139 26.305262
853 14.887274 6.411969 21.300037
854 17.415955 6.697986 24.114798
855 21.321882 7.753390 29.076300
856 22.747869 7.406573 30.155453
857 22.777315 7.887466 30.665598
858 18.350147 7.215016 25.565844
859 19.504068 7.344622 26.849728
860 24.375746 7.503509 31.880089
861 26.627827 7.054316 33.682884
862 24.501225 7.093525 31.596518
863 17.561180 7.240356 24.802292
864 22.780094 7.121870 29.902603
865 24.077953 7.188126 31.267258
866 22.424162 8.136393 30.561850
867 20.611589 7.147368 27.759768
868 24.706291 7.376588 32.083843
869 23.493534 7.248772 30.743179
870 23.382517 9.166983 32.550392
871 19.703358 7.374087 27.078325
872 22.888189 7.347599 30.237455
873 25.035946 7.312182 32.349106
874 26.872091 7.151505 34.024426
875 26.664927 6.443900 33.109493
876 20.598436 6.456168 27.055429
877 16.630207 7.166031 23.796972
878 32.476803 6.449067 38.926876
879 16.820944 7.206217 24.027914
880 23.183722 7.173839 30.358910
881 21.097448 7.167520 28.265841
882 23.904064 7.425480 31.330441
883 20.983383 9.181730 30.165798
884 23.681118 7.137674 30.819656
885 20.477926 7.214733 27.693827
886 25.966448 7.079053 33.046520
887 20.409710 7.592811 28.003677
888 22.178894 7.155152 29.335102
889 27.421244 6.437590 33.860081
890 16.048250 6.543524 22.592449
891 16.460199 7.056731 23.517424
892 23.316916 7.165912 30.483650
893 23.772671 7.039738 30.813089
894 23.609671 9.676018 33.286728
895 21.928064 7.611288 29.540323
896 21.969175 6.335897 28.305811
897 21.910196 7.175158 29.086376
898 19.490194 6.641712 26.132717
899 23.767187 7.608406 31.376310
900 17.313585 9.232178 26.546900
901 21.428228 7.478318 28.907619
902 17.332664 7.138732 24.472116
903 17.309578 7.063114 24.373560
904 22.824469 7.201506 30.027390
905 22.438641 7.789193 30.228825
906 23.091087 7.048021 30.140423
907 22.561163 7.198734 29.761318
908 22.742672 7.036192 29.779613
909 25.258133 7.127547 32.386463
910 22.831511 7.126905 29.959023
911 21.467480 7.294879 28.763212
912 17.406544 7.148055 24.555342
913 21.222927 7.126292 28.349997
914 20.470024 7.150109 27.621357
915 24.080336 7.128130 31.209009
916 17.254623 7.310054 24.565643
917 20.058807 7.359061 27.418966
918 24.986822 7.170064 32.158115
919 19.522812 8.143535 27.667358
920 16.843014 7.917513 24.761147
921 19.849957 7.265495 27.116241
922 21.322224 7.183662 28.506721
923 23.683657 7.627051 31.312016
924 17.956581 7.315455 25.272884
925 21.864994 7.559801 29.425735
926 22.190519 8.417089 30.609100
927 21.606365 7.210566 28.817669
928 23.992718 8.447386 32.441689
929 24.194473 7.186271 31.381882
930 16.388168 9.171372 25.560247
931 19.364384 8.607163 27.972515
932 25.251762 7.264767 32.517891
933 28.023247 9.181646 37.206230
934 19.054016 7.325820 26.380774
935 17.947916 7.387482 25.336571
936 21.448942 7.173259 28.623152
937 17.935402 8.525790 26.462221
938 24.069723 7.165619 31.236567
939 20.755386 7.145337 27.901361
940 27.506578 7.788413 35.296146
941 22.762119 7.156776 29.919754
942 19.355103 7.238250 26.594307
943 22.542564 9.039564 31.583031
944 23.618471 7.145906 30.765400
945 18.735712 7.164137 25.900635
946 17.719828 7.919828 25.640261
947 21.699265 7.178254 28.878275
948 20.007357 7.360183 27.368671
949 19.028624 7.752490 26.782000
950 20.666269 7.941411 28.608356
951 28.991116 7.223230 36.215210
952 23.400503 7.184955 30.586239
953 15.912274 9.120546 25.034189
954 21.354767 6.416989 27.772758
955 18.570471 7.230085 25.801298
956 21.277969 13.414998 34.693954
957 20.282019 7.910782 28.194283
958 19.141317 7.293738 26.435795
959 16.754492 6.470141 23.225876
960 23.493834 9.290922 32.785561
961 18.029188 8.578013 26.607758
962 22.408791 8.552759 30.962458
963 18.310263 7.635656 25.946856
964 18.906084 9.014593 27.921492
965 16.565905 9.425898 25.992893
966 23.087687 8.359688 31.449083
967 23.208689 9.052072 32.261723
968 17.275488 7.141590 24.417870
969 20.950106 8.140648 29.091820
970 21.349356 7.160647 28.510826
971 22.817198 7.161862 29.979967
972 19.990185 7.765547 27.757589
973 19.809526 7.159895 26.970623
974 20.774637 7.321747 28.097342
975 25.851717 7.302227 33.154915
976 21.946035 7.397265 29.344303
977 22.681190 7.263557 29.945482
978 19.239779 6.452693 25.693344
979 22.162092 7.161907 29.324852
980 22.301258 7.321289 29.623363
981 21.503075 6.482457 27.986401
982 24.991692 7.216931 32.209770
983 21.728008 7.238808 28.967487
984 20.022865 7.174216 27.198118
985 22.570789 7.147277 29.719032
986 21.087523 8.749540 29.840076
987 18.284060 6.777015 25.062281
988 17.774536 7.258618 25.033831
989 23.265261 7.529496 30.795876
990 21.458826 9.646361 31.106071
991 16.214905 8.121729 24.337255
992 18.575378 8.013444 26.589994
993 26.861315 7.192354 34.054863
994 21.335325 9.360719 30.696754
995 17.065994 6.442571 23.509153
996 25.855425 7.157304 33.013592
997 23.687050 6.438750 30.126526
998 19.013145 6.541187 25.555016
999 18.754831 6.640245 25.395798
1000 17.665510 6.467525 24.133768
1001 19.016987 7.388083 26.406080
1002 21.813723 6.778945 28.593798
1003 23.076511 7.574560 30.652506
1004 18.280399 8.052272 26.333456
1005 18.555828 8.266232 26.823292
1006 24.737638 6.452700 31.191483
1007 24.466995 7.202382 31.670284
1008 26.320389 7.987869 34.309895
1009 24.034117 7.159583 31.194563
1010 18.276299 9.275735 27.552809
1011 25.489922 6.409154 31.900082
1012 21.494104 6.551701 28.047054
1013 17.983067 7.295112 25.278969
1014 21.384436 8.654844 30.041019
1015 23.194841 7.077992 30.273581
1016 14.686834 6.572959 21.260712
1017 22.521536 7.173016 29.695400
1018 23.987612 7.675493 31.664305
1019 16.773525 7.203903 23.977980
1020 20.475805 10.263246 30.740089
1021 22.697884 7.133194 29.831869
1022 20.633900 7.177836 27.812489
1023 18.759233 6.455759 25.215759
1024 17.476864 7.253975 24.731667
1025 23.745836 6.653450 30.400007
1026 20.730541 7.132239 27.864002
1027 19.040426 7.090376 26.131634
1028 19.615660 7.193764 26.810232
1029 18.489698 8.365215 26.855690
1030 16.976919 7.459340 24.437317
1031 19.899693 7.049937 26.950541
1032 17.288202 7.092141 24.381189
1033 18.646709 7.167464 25.815197
1034 22.667164 7.105224 29.773336
1035 17.761839 6.991641 24.754248
1036 23.656624 6.331506 29.988853
1037 21.372215 7.102503 28.475607
1038 17.253351 7.171142 24.425171
1039 19.136189 7.032185 26.169382
1040 29.964750 8.381127 38.347263
1041 20.516151 7.038706 27.556124
1042 16.026829 6.307477 22.335442
1043 20.381531 8.367929 28.750502
1044 22.926813 6.868994 29.796516
1045 18.768217 7.342634 26.111860
1046 18.505482 8.944400 27.450775
1047 22.153097 8.590450 30.744690
1048 23.262716 8.896835 32.160355
1049 16.050814 6.449038 22.500620
1050 20.226868 9.249918 29.477642
1051 14.612951 6.409662 21.023432
1052 24.605267 7.097361 31.703392
1053 26.102348 6.487893 32.591049
1054 17.310240 7.164799 24.475809
1055 19.501144 8.007692 27.509565
1056 22.748722 7.178277 29.927895
1057 23.993395 7.331458 31.325897
1058 21.795349 6.470683 28.266661
1059 22.753967 6.996793 29.752214
1060 22.061749 6.465150 28.528173
1061 23.749594 7.238931 30.989870
1062 23.070671 9.813664 32.885136
1063 20.909859 7.837060 28.747923
1064 16.209751 7.216331 23.426756
1065 20.583595 7.389425 27.973871
1066 18.560528 7.332390 25.893642
1067 23.343212 7.212701 30.556770
1068 18.419615 8.413506 26.834045
1069 25.375011 6.497372 31.873260
1070 20.060249 7.344421 27.405497
1071 23.934486 7.990657 31.926483
1072 16.199682 9.267399 25.467867
1073 23.626343 8.341159 31.968254
1074 23.762568 7.180063 30.943495
1075 25.241913 7.176377 32.419090
1076 26.276766 8.011129 34.289131
1077 24.820818 7.291545 32.112995
1078 22.983244 9.160235 32.144566
1079 23.851471 7.210857 31.063225
1080 24.111084 13.512211 37.624355
1081 21.946850 6.510821 28.458652
1082 21.644772 7.403658 29.049234
1083 22.148678 7.190791 29.340429
1084 23.641142 7.237330 30.879194
1085 26.951515 6.516545 33.469189
1086 23.159512 7.299683 30.460257
1087 20.202118 6.497662 26.700459
1088 23.348497 6.472530 29.821932
1089 16.374493 9.880027 26.255075
1090 19.510990 6.990605 26.502804
1091 21.242210 6.995559 28.238638
1092 15.142713 6.511702 21.655149
1093 17.307373 6.485002 23.792971
1094 22.684967 8.338632 31.024509
1095 29.515776 7.190213 36.706978
1096 24.577309 7.222996 31.801325
1097 20.387806 8.061083 28.449799
1098 19.120644 6.694956 25.816465
1099 22.348352 7.575792 29.924992
1100 21.533937 7.234111 28.768921
1101 28.648266 7.209866 35.859035
1102 23.772865 6.590188 30.364145
1103 24.216354 7.232430 31.449602
1104 19.783550 7.249663 27.033981
1105 26.615421 7.558995 34.175182
1106 22.288107 6.495397 28.784693
1107 22.055637 7.772170 29.829031
1108 22.974852 6.535910 29.511719
1109 19.322660 7.344104 26.667463
1110 16.985376 8.492412 25.478825
1111 17.583605 6.689078 24.273485
1112 16.766115 6.641770 23.408533
1113 16.061592 6.635343 22.697924
1114 23.570641 7.518771 31.090677
1115 18.922325 7.861273 26.784481
1116 22.717649 7.313836 30.032318
1117 22.239969 7.420939 29.661766
1118 17.148245 6.444364 23.593163
1119 22.218988 6.439929 28.659502
1120 23.699839 7.638687 31.339399
1121 15.552737 6.471443 22.024874
1122 21.979361 7.961748 29.942135
1123 29.792164 7.175278 36.968536
1124 21.222189 7.921219 29.144251
1125 23.346275 7.148019 30.495201
1126 20.377171 6.788583 27.167353
1127 19.770023 6.464574 26.235443
1128 19.825413 9.772196 29.598614
1129 22.964365 7.192261 30.157694
1130 23.673540 7.240572 30.914770
1131 24.914143 7.193759 32.108784
1132 32.287846 7.301662 39.590401
1133 23.756506 7.167129 30.924568
1134 17.756918 7.146555 24.904312
1135 18.350836 7.184533 25.536276
1136 17.759632 7.225354 24.985718
1137 24.165531 7.181128 31.347521
1138 21.005768 7.734116 28.740955
1139 21.179544 7.235041 28.415468
1140 20.253096 9.224318 29.478439
1141 22.740009 8.415758 31.156893
1142 26.002209 7.248961 33.252140
1143 26.571032 7.227758 33.799484
1144 17.108938 8.102659 25.212355
1145 23.620413 8.377414 31.998575
1146 25.271444 7.304083 32.576496
1147 23.856119 7.211726 31.068768
1148 19.647881 7.507936 27.156458
1149 21.198328 8.111994 29.311485
1150 17.302483 7.230089 24.533236
1151 23.329144 7.237228 30.567432
1152 15.731493 7.488609 23.221170
1153 17.882986 7.154680 25.038401
1154 17.377216 7.394625 24.772476
1155 23.183376 7.040870 30.225708
1156 22.376822 6.676531 29.054361
1157 18.805462 6.490574 25.296808
1158 16.533028 6.796755 23.330885
1159 21.578068 6.501193 28.080090
1160 22.872858 6.726405 29.600214
1161 22.478857 6.499551 28.979530
1162 23.952154 10.138958 34.092037
1163 23.497625 7.207154 30.705807
1164 16.105082 8.207688 24.313412
1165 23.375235 7.205615 30.581839
1166 19.101616 7.281503 26.383732
1167 18.767689 7.137513 25.905975
1168 20.279408 7.949917 28.230085
1169 25.741764 7.148816 32.891243
1170 16.468027 10.429467 26.898817
1171 25.325567 7.181428 32.507999
1172 21.888712 7.329176 29.218472
1173 24.239346 7.178565 31.418903
1174 24.917191 9.546351 34.464520
1175 22.233442 7.142449 29.376642
1176 23.517612 7.141123 30.659546
1177 25.249992 7.201907 32.453014
1178 22.617271 7.167916 29.786133
1179 24.850641 7.222222 32.073971
1180 17.337120 7.196251 24.534021
1181 28.646149 7.180460 35.827808
1182 20.289215 7.185022 27.475040
1183 25.145933 7.243861 32.390709
1184 24.595926 7.206284 31.803328
1185 25.295692 7.138739 32.435703
1186 27.719521 9.107963 36.829079
1187 23.296686 7.664616 30.962559
1188 21.822277 7.174300 28.997694
1189 20.577269 8.343794 28.921883
1190 19.535728 7.250144 26.787134
1191 23.117178 8.143868 31.262413
1192 20.371237 7.360836 27.732967
1193 22.147991 7.139500 29.288067
1194 17.215200 7.240824 24.457083
1195 23.978870 7.419901 31.399666
1196 26.304379 7.143399 33.448898
1197 22.434816 7.307575 29.743549
1198 19.101034 6.415346 25.517117
1199 22.072729 6.447497 28.521002
1200 17.313034 9.451113 26.764675
1201 21.344786 7.259877 28.605560
1202 21.922863 7.202329 29.126427
1203 21.361120 7.152724 28.514841
1204 17.051323 8.125801 25.177732
1205 25.448833 7.172996 32.622631
1206 22.201328 7.158559 29.361174
1207 26.192497 6.413385 32.606926
1208 19.959707 6.469287 26.430077
1209 24.377317 7.219302 31.597441
1210 24.454548 7.088740 31.544147
1211 23.979940 7.142960 31.123911
1212 22.429852 9.074446 31.505526
1213 19.526756 7.127175 26.654818
1214 20.611431 7.187094 27.799355
1215 17.230171 7.220176 24.451397
1216 20.692423 7.036668 27.729717
1217 21.978659 7.266896 29.246515
1218 20.029961 7.110915 27.141714
1219 22.536516 7.888208 30.425701
1220 19.855011 7.242169 27.098179
1221 19.706949 7.584560 27.292627
1222 23.484253 8.174712 31.660440
1223 25.758451 7.310874 33.070160
1224 25.740896 9.834930 35.576557
1225 19.165176 7.101744 26.267668
1226 23.109318 7.248160 30.358667
1227 24.262470 7.056071 31.319057
1228 16.527666 7.064915 23.593109
1229 19.742542 6.383937 26.127432
1230 17.651827 9.736216 27.388803
1231 20.808737 13.834918 34.644684
1232 21.183937 7.172566 28.357294
1233 23.138699 6.746234 29.885889
1234 16.821392 7.138072 23.960264
1235 26.117146 10.687300 36.805477
1236 19.146437 6.576465 25.723562
1237 16.513447 7.858405 24.372828
1238 17.286383 7.428270 24.715755
1239 17.229527 7.087405 24.318054
1240 15.483659 6.886407 22.370787
1241 19.997875 6.369790 26.368551
1242 20.292116 7.415419 27.708431
1243 22.437366 7.102349 29.540606
1244 22.803808 7.206258 30.010866
1245 23.220467 7.142444 30.363913
1246 20.996204 7.144654 28.141731
1247 16.153883 8.257842 24.412506
1248 18.495441 7.898693 26.395174
1249 23.244345 7.159166 30.404348
1250 22.931896 7.151412 30.083981
1251 16.520247 7.219616 23.740698
1252 19.596544 10.265088 29.862871
1253 20.821045 6.974180 27.796329
1254 24.473133 8.081169 32.555283
1255 19.700392 7.505853 27.206919
1256 17.628922 7.361594 24.991371
1257 21.566568 7.195889 28.763451
1258 20.997211 7.186808 28.185057
1259 22.818224 6.455754 29.274817
1260 24.393890 12.693911 37.089100
1261 23.758902 7.174131 30.933678
1262 22.913986 7.146117 30.061064
1263 23.519815 6.376193 29.897055
1264 18.822559 7.184078 26.007565
1265 21.611778 7.203737 28.816425
1266 18.475813 7.163951 25.640745
1267 23.115654 7.063478 30.180120
1268 21.017086 8.854592 29.872442
1269 22.751471 7.051626 29.804138
1270 21.763611 8.685378 30.449989
1271 22.904774 7.352596 30.258846
1272 23.083723 7.057979 30.142487
1273 24.382036 10.854773 35.237892
1274 25.184345 7.051092 32.236275
1275 21.406494 8.953655 30.361195
1276 19.544481 7.145258 26.691051
1277 22.460758 8.822818 31.284628
1278 22.332041 7.080056 29.413052
1279 21.191313 8.542597 29.734669
1280 21.352936 7.239575 28.593334
1281 17.058889 7.274030 24.334196
1282 21.233082 7.133643 28.368031
1283 23.320507 8.237504 31.559076
1284 21.295589 6.409789 27.706369
1285 23.596987 6.424389 30.022329
1286 16.272223 6.416291 22.690039
1287 17.597027 7.127211 24.725424
1288 21.788614 7.253830 29.043407
1289 23.944862 7.491278 31.437386
1290 26.583372 11.154449 37.738808
1291 21.986706 7.167244 29.154779
1292 21.874195 7.768066 29.643290
1293 19.043823 7.189508 26.234112
1294 21.753845 7.220023 28.974949
1295 19.113207 7.755280 26.869284
1296 20.051649 13.252020 33.305023
1297 18.520903 7.359728 25.881977
1298 21.641315 8.639276 30.281448
1299 20.236111 7.124443 27.361280
1300 22.640150 7.192778 29.833963
1301 18.019056 7.307420 25.327440
1302 23.619843 7.199091 30.820042
1303 22.948719 7.177035 30.126705
1304 22.976612 7.392069 30.369539
1305 21.413618 7.266270 28.680922
1306 21.186426 7.179208 28.366825
1307 22.622051 6.892363 29.515999
1308 21.440319 6.456727 27.897631
1309 23.333134 7.199185 30.533546
1310 22.852205 6.899107 29.752150
1311 19.493595 7.494829 26.989611
1312 21.593548 7.354718 28.949236
1313 19.795452 8.035113 27.831182
1314 21.446175 7.346107 28.793118
1315 22.298618 7.543441 29.843248
1316 23.390350 7.168410 30.559389
1317 18.925247 7.690606 26.616949
1318 19.906073 7.887989 27.795031
1319 15.224839 6.679995 21.905481
1320 19.296167 8.825038 28.122458
1321 23.520140 8.231936 31.753073
1322 21.873474 7.187855 29.062452
1323 20.331846 8.057676 28.390892
1324 21.826057 7.147068 28.974062
1325 22.832333 8.965212 31.798475
1326 25.586819 7.392638 32.980545
1327 16.672316 7.399134 24.072292
1328 20.418949 7.146102 27.565792
1329 20.286453 7.163946 27.451319
1330 21.786070 7.128318 28.914915
1331 21.400883 7.256701 28.658272
1332 21.339340 7.162602 28.502939
1333 17.575777 7.812853 25.389357
1334 23.359201 7.111557 30.471682
1335 26.477619 8.384156 34.863190
1336 21.146156 6.700871 27.847975
1337 22.771210 7.210370 29.982599
1338 25.483704 6.805520 32.290371
1339 19.406542 7.155105 26.562422
1340 17.746202 7.255563 25.002892
1341 20.578056 7.604211 28.183369
1342 20.589813 7.545542 28.136511
1343 21.706982 7.402048 29.110163
1344 15.667392 7.207704 22.875944
1345 21.038897 8.734938 29.774706
1346 22.808802 7.192539 30.001995
1347 19.051592 7.187764 26.240135
1348 17.137468 9.171546 26.309805
1349 18.244230 8.220464 26.465679
1350 19.159801 9.138620 28.299500
1351 18.085920 6.422787 24.509512
1352 24.224838 7.166453 31.392557
1353 21.689440 6.477821 28.168100
1354 23.470436 6.447400 29.918716
1355 21.941774 6.479938 28.422510
1356 18.310966 7.126526 25.438835
1357 16.467596 7.169622 23.638052
1358 20.857489 6.982674 27.840914
1359 18.694910 9.361296 28.057297
1360 21.260946 7.135914 28.397678
1361 19.911133 7.652312 27.565264
1362 15.929797 6.672427 22.602913
1363 20.817017 6.475403 27.293495
1364 19.458654 6.408379 25.867916
1365 21.533623 7.118304 28.652834
1366 16.517895 6.699001 23.217541
1367 21.640018 7.175282 28.816353
1368 23.548477 7.190333 30.739676
1369 21.330339 6.423683 27.754698
1370 23.889318 7.176287 31.066566
1371 18.496592 6.806907 25.304453
1372 20.612732 6.428146 27.041586
1373 19.014122 7.073935 26.088898
1374 14.129892 6.869292 21.000067
1375 23.117611 9.558544 32.677464
1376 23.866749 10.344490 34.212303
1377 15.805715 6.480807 22.287386
1378 18.423683 7.256331 25.680710
1379 23.267019 7.115987 30.383884
1380 24.540520 9.949371 34.490891
1381 23.377962 7.110520 30.489300
1382 18.686523 7.408781 26.096468
1383 15.939760 7.321254 23.261885
1384 22.907160 7.133419 30.041931
1385 19.575932 7.448313 27.025394
1386 19.842869 8.286222 28.129990
1387 24.776361 8.311319 33.088886
1388 20.754995 7.125311 27.881161
1389 21.140673 7.110065 28.251789
1390 17.422096 6.411115 23.834019
1391 23.335234 7.066978 30.403227
1392 22.284029 7.412452 29.697819
1393 17.533337 7.130961 24.664854
1394 15.982344 7.226458 23.209644
1395 21.657711 7.356388 29.014992
1396 21.447086 7.191015 28.639219
1397 20.516365 7.219737 27.737148
1398 24.770742 7.241004 32.012547
1399 17.353615 6.536118 23.890314
1400 23.554853 7.678302 31.233934
1401 22.999084 7.203833 30.203634
1402 22.938324 7.163037 30.102098
1403 18.442125 7.174450 25.617470
1404 22.636974 7.127339 29.765276
1405 19.603674 6.453936 26.058868
1406 22.428038 7.137385 29.566303
1407 23.367481 7.093279 30.461390
1408 21.195421 8.219041 29.415569
1409 23.289236 7.694558 30.984907
1410 21.259766 9.969581 31.230108
1411 23.261465 7.177210 30.439779
1412 20.717827 7.237016 27.955526
1413 18.692009 7.287687 25.980459
1414 20.435369 7.343330 27.779390
1415 20.785213 6.854459 27.640396
1416 17.871008 8.511213 26.383036
1417 16.474308 6.856165 23.331345
1418 16.753553 6.418980 23.173649
1419 15.943109 6.805501 22.749474
1420 18.693684 6.666152 25.360689
1421 22.342356 6.481974 28.825270
1422 21.213757 6.747809 27.962276
1423 21.917707 6.445422 28.364105
1424 29.040659 6.513148 35.554714
1425 23.171768 8.205707 31.378908
1426 18.804077 7.209305 26.014141
1427 18.809074 7.340502 26.150272
1428 19.836248 7.651935 27.489252
1429 21.303480 7.019308 28.323616
1430 18.100351 7.234350 25.335678
1431 24.579357 7.265466 31.845783
1432 22.047230 7.200297 29.248430
1433 17.172756 7.313511 24.487013
1434 21.409679 7.195895 28.606516
1435 18.937956 6.632727 25.571625
1436 22.794399 7.217666 30.013107
1437 17.587055 7.344646 24.932474
1438 18.112041 6.500310 24.613789
1439 19.367781 12.510356 31.879175
1440 22.940517 9.061411 32.002628
1441 20.953135 7.164027 28.118187
1442 22.225746 8.762465 30.989159
1443 16.939980 6.418535 23.359070
1444 18.713310 7.797557 26.511766
1445 19.534658 6.725869 26.261387
1446 19.293684 6.488536 25.783190
1447 24.026951 7.274748 31.302740
1448 24.140350 8.560113 32.701656
1449 20.545567 7.293485 27.840120
1450 21.009605 7.219894 28.230476
1451 15.603766 6.602739 22.207329
1452 24.104107 7.189442 31.294983
1453 22.334101 6.445633 28.780670
1454 22.034256 6.457879 28.493048
1455 22.184349 7.193596 29.378969
1456 22.067808 7.040233 29.108963
1457 21.080524 7.146630 28.227823
1458 16.084452 7.607002 23.692354
1459 22.100620 7.140621 29.242134
1460 19.320698 7.192675 26.514133
1461 22.632002 7.180673 29.813368
1462 23.474192 7.200682 30.675714
1463 17.871382 6.731336 24.603470
1464 17.752171 8.246780 25.999928
1465 18.619715 7.520220 26.140776
1466 21.185301 7.985257 29.171478
1467 22.479342 7.084722 29.565046
1468 21.902641 7.456389 29.360422
1469 19.135653 7.427774 26.564487
1470 19.759125 10.683066 30.443199
1471 20.210363 6.467775 26.678984
1472 18.636778 8.142821 26.780394
1473 29.730579 7.748359 37.479809
1474 21.263515 7.254620 28.518950
1475 22.610144 7.271940 29.883045
1476 21.299263 7.257040 28.557604
1477 21.069439 7.588256 28.658730
1478 25.509237 6.525689 32.035648
1479 21.677536 6.534191 28.212452
1480 19.504965 7.258457 26.764359
1481 21.346518 8.992743 30.340076
1482 22.108282 6.571240 28.680410
1483 18.513418 6.798573 25.313019
1484 18.743673 6.546894 25.291239
1485 18.658335 7.374164 26.033571
1486 23.001299 7.281876 30.284084
1487 28.530100 8.349965 36.881126
1488 22.979128 7.183402 30.163736
1489 22.514759 7.278752 29.794325
1490 21.384123 16.993656 38.378769
1491 20.062572 7.445911 27.509636
1492 20.897591 7.546255 28.444941
1493 23.166031 7.231561 30.398434
1494 16.144497 7.975052 24.120350
1495 17.811388 7.177392 24.989552
1496 16.363289 7.403195 23.767254
1497 23.493446 7.286609 30.780859
1498 21.061071 7.256700 28.318663
1499 24.935251 7.264464 32.200588
1500 20.873430 10.301782 31.175941
1501 19.534378 7.677190 27.212425
1502 18.699921 6.545954 25.246595
1503 23.868000 7.048847 30.917974
1504 19.925245 7.277333 27.203344
1505 24.348700 7.286039 31.635689
1506 21.324909 7.568095 28.894163
1507 21.408371 7.380059 28.789297
1508 22.429937 7.189015 29.619640
1509 20.577883 8.649764 29.228468
1510 23.607082 9.620660 33.228848
1511 17.773003 6.973547 24.747066
1512 20.446266 7.027044 27.474010
1513 20.849548 6.534279 27.384851
1514 16.880121 7.335638 24.216316
1515 18.205956 6.506772 24.713537
1516 18.238050 8.038319 26.277550
1517 25.253813 7.227427 32.482620
1518 25.567049 7.182988 32.750885
1519 21.209236 6.459003 27.669350
1520 24.164906 8.017049 32.183601
1521 22.618034 7.240157 29.859493
1522 24.145622 7.245171 31.391720
1523 21.794100 7.172585 28.967472
1524 17.071962 6.628103 23.701036
1525 22.106865 7.252602 29.360313
1526 19.739784 6.785326 26.526316
1527 24.141577 7.358393 31.500986
1528 19.401237 7.281760 26.683905
1529 20.753374 7.396089 28.150063
1530 18.899006 10.704447 29.604401
1531 22.559626 7.253331 29.813679
1532 24.897100 7.260739 32.158913
1533 23.497910 10.522062 34.020916
1534 23.574833 10.509537 34.085346
1535 22.350735 6.761942 29.113527
1536 30.156271 7.241076 37.398350
1537 21.895235 7.272565 29.168882
1538 22.962502 6.518457 29.482115
1539 16.761671 7.547298 24.309906
1540 24.336456 7.064797 31.401962
1541 15.905621 7.275743 23.182110
1542 24.031073 7.353221 31.385393
1543 21.528856 6.549045 28.078840
1544 22.510090 6.540851 29.052176
1545 18.549694 7.239306 25.789640
1546 18.665133 6.537453 25.203518
1547 23.391640 6.486264 29.878832
1548 17.802799 7.391217 25.194954
1549 20.389498 7.186507 27.576777
1550 21.427876 7.216848 28.645689
1551 20.537426 7.236953 27.775364
1552 16.037012 7.389070 23.426785
1553 17.771242 8.325129 26.097296
1554 17.031397 9.200063 26.232372
1555 22.485538 6.534233 29.020914
1556 19.082775 8.255706 27.339588
1557 22.734730 7.151147 29.886776
1558 23.160730 7.142636 30.304268
1559 22.632984 7.273758 29.907734
1560 24.502092 9.636439 34.139507
1561 20.523968 7.194983 27.719933
1562 23.653116 7.151823 30.805912
1563 22.626755 7.698936 30.327133
1564 23.426600 7.157273 30.584871
1565 23.298424 7.155036 30.454227
1566 22.710604 7.201403 29.912935
1567 18.421043 6.427607 24.849831
1568 21.370888 7.574264 28.946215
1569 18.641226 6.759580 25.401505
1570 19.900192 8.406946 28.307867
1571 21.523371 6.808648 28.333288
1572 20.164043 7.293698 27.458618
1573 23.144178 7.149728 30.294968
1574 15.341502 6.491482 21.833670
1575 15.822280 6.668611 22.491585
1576 15.666387 6.849162 22.516487
1577 24.733065 7.153948 31.887684
1578 16.708498 7.185774 23.895033
1579 17.115322 7.200451 24.317108
1580 19.820604 6.789072 26.610573
1581 17.946733 7.519550 25.467352
1582 22.927200 6.436362 29.364216
1583 18.222578 7.185204 25.408714
1584 20.463299 7.641020 28.105524
1585 14.504609 6.465964 20.971243
1586 33.168388 7.193347 40.362797
1587 22.261946 7.280273 29.543049
1588 21.662233 7.159176 28.822178
1589 18.975134 7.913595 26.889601
1590 18.849291 11.396252 30.246334
1591 19.369680 7.769847 27.140347
1592 20.354023 6.592677 26.947420
1593 17.500502 7.515842 25.017124
1594 21.486998 6.936502 28.424562
1595 20.939590 7.171801 28.112129
1596 22.530310 6.774736 29.305935
1597 20.702595 7.091574 27.795223
1598 27.664858 11.338135 39.004574
1599 16.367273 7.181926 23.549681
1600 15.505642 6.690336 22.196579
1601 21.534975 7.122105 28.658077
1602 21.974571 7.236174 29.211729
1603 21.439425 7.179294 28.619808
1604 16.493769 7.297482 23.792255
1605 17.145742 7.438452 24.585028
1606 22.359432 7.165438 29.525709
1607 24.892338 6.817883 31.711147
1608 14.273632 6.696241 20.971035
1609 19.323618 6.481482 25.805710
1610 24.681103 7.775711 32.458038
1611 21.872608 7.503263 29.376905
1612 23.753296 6.499975 30.254086
1613 22.017204 6.509695 28.527473
1614 19.122578 6.753666 25.876989
1615 20.947001 6.457101 27.404831
1616 22.597782 7.212512 29.811329
1617 16.158760 7.212553 23.372002
1618 24.249659 7.253158 31.503588
1619 20.333143 7.216648 27.550657
1620 26.223667 9.859156 36.083721
1621 21.759626 6.970153 28.730631
1622 20.293701 7.704794 27.999371
1623 24.139620 7.300851 31.441254
1624 27.584496 8.193937 35.779701
1625 24.003384 7.297303 31.301439
1626 22.641577 7.216060 29.859001
1627 20.287815 6.832588 27.121428
1628 24.036844 6.510235 30.547857
1629 23.321529 7.696999 31.019520
1630 20.119335 7.244901 27.365280
1631 20.486307 8.055658 28.543034
1632 28.051529 8.422367 36.475323
1633 23.070059 7.244030 30.314867
1634 23.187536 7.222077 30.410685
1635 20.688204 7.174781 27.863731
1636 18.642706 7.178877 25.822363
1637 18.751551 7.226505 25.979315
1638 17.478830 7.668160 25.148008
1639 20.112310 7.622949 27.736134
1640 24.632093 8.467376 33.100742
1641 22.452385 8.703075 31.156872
1642 23.862303 8.782259 32.645451
1643 18.086529 8.314262 26.401617
1644 24.004379 7.922978 31.928230
1645 17.489412 8.055869 25.546217
1646 23.167130 11.791437 34.959377
1647 20.472820 7.330472 27.804111
1648 17.125452 6.634712 23.761009
1649 20.007589 7.645556 27.653954
1650 21.416836 11.129843 32.548302
1651 22.922148 7.343758 30.266514
1652 24.347309 7.342309 31.690674
1653 17.801592 6.555075 24.357927
1654 19.407061 7.106557 26.514612
1655 18.867353 7.354063 26.222118
1656 22.362461 7.273495 29.637074
1657 24.177456 7.378690 31.557131
1658 16.547548 7.402043 23.950373
1659 22.944960 7.333550 30.279425
1660 17.614355 7.711368 25.326418
1661 18.073254 7.978415 26.052443
1662 17.030191 7.504117 24.535139
1663 23.103834 7.278923 30.383421
1664 22.584549 7.312849 29.898487
1665 18.523554 7.256269 25.780708
1666 20.189789 7.729253 27.920015
1667 23.307821 8.270353 31.579348
1668 19.591803 7.265630 26.858080
1669 22.196501 6.827130 29.024815
1670 21.527548 7.253433 28.781816
1671 21.419624 7.949160 29.369654
1672 20.125847 7.560214 27.686920
1673 15.320171 6.770421 22.091295
1674 19.839502 7.536162 27.376341
1675 16.617100 7.370661 23.988605
1676 22.906631 7.300347 30.207661
1677 19.022427 7.245727 26.269026
1678 22.181753 6.482695 28.665146
1679 15.522841 6.510298 22.033991
1680 19.419552 11.096002 30.516506
1681 19.290354 6.788287 26.079502
1682 22.194683 7.780878 29.976595
1683 21.138874 7.421529 28.561670
1684 19.770735 8.871663 28.643402
1685 19.463427 8.917607 28.381956
1686 20.076588 6.542759 26.620026
1687 21.222683 7.154370 28.377979
1688 22.042957 6.485891 28.529678
1689 20.555510 6.773429 27.329683
1690 18.898542 6.887636 25.787046
1691 31.080050 7.227379 38.308357
1692 22.107719 7.196621 29.305395
1693 19.382109 7.242436 26.625376
1694 19.903389 8.176515 28.080700
1695 19.930073 7.439487 27.370544
1696 22.218105 7.204369 29.423199
1697 25.126705 7.187992 32.315655
1698 21.953260 6.483849 28.437777
1699 22.755043 9.196557 31.952385
1700 16.203022 7.430803 23.634489
1701 16.420490 7.137674 23.559181
1702 17.335859 7.416715 24.753407
1703 23.625587 7.240723 30.867039
1704 17.832109 6.604073 24.436840
1705 21.405125 7.158419 28.564566
1706 21.351322 7.148512 28.500635
1707 25.897259 7.453487 33.352165
1708 30.543840 7.158049 37.703018
1709 21.509287 7.157164 28.667582
1710 31.909660 11.712703 43.623543
1711 17.094032 7.871457 24.966358
1712 16.706764 7.148258 23.855604
1713 21.599091 7.349552 28.949709
1714 16.387978 13.676606 30.065527
1715 23.885382 6.601316 30.487268
1716 20.228172 12.317444 32.547047
1717 21.980919 7.193771 29.175512
1718 34.990849 10.982030 45.975002
1719 23.871147 6.600716 30.472820
1720 20.184050 7.277536 27.462606
1721 28.347090 12.349359 40.698502
1722 20.677473 7.573375 28.251703
1723 30.777737 7.391416 38.170616
1724 14.831126 6.561523 21.393320
1725 30.730793 12.913166 43.646278
1726 22.882154 7.250848 30.133844
1727 25.785936 7.247037 33.033997
1728 24.460526 7.297653 31.758871
1729 23.676594 7.267820 30.945589
1730 16.905565 6.740177 23.646650
1731 24.983681 6.541565 31.526134
1732 42.763573 9.896252 52.660992
1733 21.693956 7.570959 29.266415
1734 38.631531 7.355392 45.988213
1735 44.888977 7.426959 52.316994
1736 34.075779 6.668464 40.745590
1737 39.288406 7.515849 46.816116
1738 45.752171 6.556971 52.310287
1739 18.004347 8.472542 26.477610
1740 21.158133 11.448883 32.608067
1741 23.121464 8.257808 31.380564
1742 23.272560 7.546826 30.820393
1743 43.365974 7.143807 50.511051
1744 21.951002 7.740882 29.692799
1745 49.542866 17.409447 66.954132
1746 22.140339 7.117986 29.259441
1747 40.231968 7.218047 47.451324
1748 23.082933 7.202175 30.286081
1749 21.480072 7.380733 28.861790
1750 19.669378 6.658132 26.328424
1751 38.285049 7.299985 45.586185
1752 21.034571 6.468627 27.503902
1753 22.119345 8.409999 30.530516
1754 37.497822 7.923009 45.422291
1755 27.048887 6.975937 34.025936
1756 23.637728 6.438020 30.076563
1757 28.371235 6.788206 35.160633
1758 14.962460 6.438162 21.401409
1759 19.796906 7.361098 27.158766
1760 35.716686 7.221636 42.939156
1761 19.779863 7.181438 26.962236
1762 39.110527 7.928642 47.040810
1763 20.993563 10.059982 31.054377
1764 35.858730 7.159993 43.020100
1765 23.819298 7.188448 31.008587
1766 21.756248 7.190027 28.946993
1767 18.544538 9.908047 28.453571
1768 16.535749 10.208154 26.744774
1769 25.359070 7.687202 33.046993
1770 22.537106 10.858635 33.396667
1771 21.105984 7.243208 28.349977
1772 26.619917 7.199680 33.821060
1773 28.924110 7.181941 36.107391
1774 25.536039 7.226883 32.763786
1775 38.020863 7.239237 45.261307
1776 20.125931 8.440314 28.567080
1777 26.090757 6.391149 32.482975
1778 25.370722 6.527264 31.898951
1779 33.260777 7.272875 40.534645
1780 26.322660 8.136633 34.460678
1781 24.923464 7.153260 32.077991
1782 20.597254 7.581811 28.179873
1783 32.619194 7.086556 39.707016
1784 18.986059 8.036936 27.024250
1785 38.020096 7.051428 45.072495
1786 24.197664 7.167997 31.366476
1787 22.713732 7.079123 29.793894
1788 37.566570 7.643040 45.211102
1789 31.882965 7.088599 38.972679
1790 25.276178 6.557983 31.834879
1791 25.945850 6.371850 32.318909
1792 19.496964 7.275627 26.773506
1793 26.433817 9.690709 36.125717
1794 36.475426 7.830833 44.307526
1795 19.090612 9.295923 28.387522
1796 27.289618 7.076589 34.367405
1797 18.256678 7.185565 25.443333
1798 30.434538 15.117634 45.553604
1799 27.102598 6.716321 33.820103
1800 15.251100 10.503304 25.755068
1801 29.469063 7.021583 36.491554
1802 16.958754 7.189161 24.148735
1803 17.404139 7.196800 24.602152
1804 17.160154 7.298966 24.459661
1805 20.341743 7.476500 27.819065
1806 24.575560 8.769374 33.346008
1807 31.646564 8.867113 40.514694
1808 22.452557 7.138451 29.591702
1809 33.200989 9.187734 42.390514
1810 19.154198 7.436673 26.592096
1811 37.296707 7.244739 44.542789
1812 23.071669 7.183922 30.256771
1813 23.437403 7.770470 31.208965
1814 23.945848 7.333261 31.280506
1815 27.921539 7.401371 35.324322
1816 28.213102 7.075095 35.289383
1817 30.130449 7.140551 37.271973
1818 22.143456 6.416621 28.561422
1819 31.207022 7.553553 38.761982
1820 29.987928 7.139788 37.128811
1821 18.218477 7.352616 25.571833
1822 23.107088 7.734742 30.842846
1823 43.708843 6.463531 50.173580
1824 24.777365 6.493068 31.271473
1825 43.466122 6.784983 50.252617
1826 18.608421 7.738008 26.347580
1827 40.744907 13.759611 54.506393
1828 23.717413 7.283385 31.001825
1829 39.834816 7.273460 47.109245
1830 17.858084 11.950951 29.810160
1831 24.014076 7.319506 31.334381
1832 20.978434 7.411734 28.391094
1833 25.126663 7.340984 32.468468
1834 26.587255 9.073971 35.662579
1835 22.351833 12.649147 35.001633
1836 22.791636 8.214042 31.007030
1837 23.917173 7.343191 31.261662
1838 16.978683 7.408890 24.388599
1839 24.742952 7.231505 31.975307
1840 22.347988 7.314261 29.663012
1841 21.047134 7.432013 28.479918
1842 22.199026 7.307450 29.507706
1843 21.906242 6.513703 28.420780
1844 24.327391 7.222514 31.550789
1845 24.113518 7.333719 31.448175
1846 31.269596 7.211936 38.482540
1847 25.726135 8.057145 33.784351
1848 19.970612 7.234979 27.206476
1849 20.504562 7.216599 27.722061
1850 19.072355 7.534902 26.608561
1851 22.139748 7.159809 29.301046
1852 25.921547 7.213883 33.136375
1853 30.664494 13.812070 44.479298
1854 22.986633 7.927075 30.914576
1855 22.142302 6.465259 28.608847
1856 17.197832 7.174099 24.372469
1857 17.208113 6.500649 23.709593
1858 36.807697 8.219909 45.029556
1859 25.218901 8.198948 33.418861
1860 25.375603 10.020586 35.397331
1861 30.973509 6.534084 37.508717
1862 22.101425 6.529880 28.632133
1863 23.670307 8.631740 32.302837
1864 34.078098 7.749933 41.829166
1865 61.966534 8.130118 70.097984
1866 41.877357 7.277100 49.155994
1867 34.463413 7.180804 41.645344
1868 20.622192 7.118110 27.741451
1869 20.099331 6.459275 26.560240
1870 20.261705 7.330800 27.593540
1871 37.617161 6.481158 44.099541
1872 18.540920 7.298962 25.840843
1873 20.751108 6.568988 27.321039
1874 25.133097 8.273376 33.407681
1875 22.797440 13.342733 36.142311
1876 21.208473 7.193058 28.402285
1877 17.437290 7.278289 24.716799
1878 23.439157 6.554575 29.994541
1879 22.142433 6.494218 28.637489
1880 23.009102 7.197919 30.207848
1881 26.271233 7.882168 34.154350
1882 32.561398 6.780102 39.342636
1883 17.797691 6.739202 24.537710
1884 22.703081 7.337164 30.041162
1885 24.551449 7.216885 31.769201
1886 26.690779 7.345052 34.037449
1887 56.126255 7.325026 63.452835
1888 31.857386 7.168327 39.026844
1889 53.135365 7.163681 60.300446
1890 57.473068 11.355002 68.829826
1891 43.728046 7.137622 50.866886
1892 34.399769 7.128303 41.529037
1893 23.993073 7.100995 31.094965
1894 34.038605 14.107335 48.147243
1895 33.358719 6.594951 39.954906
1896 21.079695 7.103862 28.184631
1897 37.984413 7.109106 45.095074
1898 20.056559 7.264592 27.322037
1899 22.848152 7.017244 29.866560
1900 22.113489 7.016745 29.130976
1901 16.655924 7.271975 23.928745
1902 25.489281 7.112508 32.602722
1903 19.930338 6.978578 26.910192
1904 15.787944 6.530273 22.318899
1905 14.629941 6.792745 21.423376
1906 19.773722 6.569942 26.344551
1907 27.357788 8.925413 36.284180
1908 24.936472 7.072038 32.009354
1909 24.793118 7.598842 32.392921
1910 19.815804 6.467087 26.283607
1911 21.859598 11.272677 33.133045
1912 24.273306 8.571309 32.845509
1913 28.091385 13.211167 41.304302
1914 23.591864 7.104045 30.696833
1915 24.517244 6.406591 30.924992
1916 25.122087 7.180161 32.303230
1917 23.153620 8.969059 32.123379
1918 22.145573 7.107584 29.253847
1919 29.033091 6.461762 35.496277
1920 19.530134 10.450671 29.981794
1921 19.501343 7.440997 26.943401
1922 21.750029 9.438474 31.189507
1923 26.443041 7.418405 33.862595
1924 25.035784 7.656476 32.692894
1925 25.145821 7.249059 32.395451
1926 33.759609 6.559040 40.319775
1927 29.656124 6.533658 36.190788
1928 46.268730 8.233741 54.504032
1929 32.413658 7.128532 39.543587
1930 23.735083 7.161260 30.897156
1931 24.205610 7.175205 31.381815
1932 29.900112 7.152518 37.054008
1933 21.999544 7.454761 29.455238
1934 20.492641 9.017777 29.511465
1935 21.418329 7.138391 28.557503
1936 22.129433 7.172024 29.302574
1937 23.680403 7.223275 30.904673
1938 21.555340 7.151452 28.707348
1939 16.885242 7.076377 23.962084
1940 17.739931 7.398683 25.139549
1941 17.835379 7.159326 24.995436
1942 23.224825 7.276327 30.501986
1943 22.211266 11.870022 34.082466
1944 16.523823 7.001231 23.525587
1945 20.655556 7.132034 27.788456
1946 24.504587 7.018805 31.524097
1947 26.083696 7.005096 33.089638
1948 24.083191 7.347696 31.431843
1949 24.636553 8.049162 32.686424
1950 22.594683 12.235241 34.830837
1951 22.477791 7.004987 29.483507
1952 24.144945 6.999357 31.145107
1953 20.194805 7.207205 27.402725
1954 23.021358 7.015874 30.038572
1955 22.889618 6.447099 29.337652
1956 26.103443 7.568306 33.673279
1957 23.018404 7.022553 30.041843
1958 16.998259 6.536280 23.535460
1959 22.409348 6.554695 28.965021
1960 16.570980 6.515454 23.087154
1961 23.141676 7.033623 30.176153
1962 28.768021 13.937772 42.707371
1963 17.627462 7.059224 24.687464
1964 20.023869 11.831619 31.856361
1965 16.312981 6.776642 23.090700
1966 20.540571 6.803371 27.344999
1967 28.251957 6.302019 34.555096
1968 24.218306 7.049907 31.269085
1969 22.717442 7.560484 30.278702
1970 57.124989 7.190393 64.316750
1971 63.839531 7.066663 70.907379
1972 32.088264 7.155286 39.245003
1973 25.595816 6.879324 32.476131
1974 29.060123 11.922895 40.985313
1975 29.568729 7.104223 36.674053
1976 23.949917 7.099382 31.050207
1977 36.679653 7.193983 43.874546
1978 25.537394 7.083827 32.622417
1979 26.037844 8.029062 34.067837
1980 38.066082 12.639335 50.706654
1981 20.246954 7.169118 27.416983
1982 19.233128 7.128926 26.363052
1983 26.551908 7.099582 33.652271
1984 28.336994 7.056175 35.394009
1985 21.795801 7.121365 28.918177
1986 24.142488 6.880467 31.024265
1987 33.415276 7.883243 41.300220
1988 22.390797 7.055332 29.447092
1989 20.142788 6.963103 27.106628
1990 17.559792 7.356195 24.917196
1991 24.800774 7.354453 32.155998
1992 21.037603 7.100154 28.138563
1993 26.780130 7.099125 33.880314
1994 23.190411 8.345081 31.536556
1995 21.918554 6.331496 28.250975
1996 33.807831 6.561972 40.371773
1997 18.857506 11.463522 30.322405
1998 21.551870 6.730109 28.283022
1999 24.705587 6.635324 31.341974
2000 17.177561 6.436558 23.615009
2001 20.841213 14.820632 35.663731
2002 18.366804 6.888249 25.256096
2003 22.273415 7.210869 29.485134
2004 22.769068 6.387409 29.157221
2005 24.495152 10.854147 35.350292
2006 24.561111 8.453302 33.015499
2007 24.905979 6.607335 31.514519
2008 19.318609 6.397713 25.716990
2009 19.073017 7.081891 26.155811
2010 24.772661 11.359118 36.132694
2011 25.550303 7.056787 32.607971
2012 23.560038 7.154556 30.716011
2013 16.157322 8.118243 24.276278
2014 20.642897 6.361122 27.004784
2015 25.859308 7.860840 33.720955
2016 17.122662 7.120675 24.243996
2017 25.732912 7.557979 33.292248
2018 19.153208 7.188432 26.342665
2019 18.161625 7.881336 26.043488
2020 24.925394 9.736935 34.663490
2021 31.199383 6.373986 37.574375
2022 26.278315 6.357046 32.636196
2023 41.677864 7.358011 49.037079
2024 41.651192 7.080446 48.733208
2025 35.158867 7.175198 42.335365
2026 38.405918 17.620665 56.028416
2027 42.029678 10.616186 52.647335
2028 22.570414 7.075138 29.646591
2029 31.454037 8.243415 39.699314
2030 25.012934 7.794224 32.808487
2031 24.317074 7.051978 31.370367
2032 29.420332 6.847048 36.268948
2033 24.565134 7.815040 32.381199
2034 18.415154 8.310178 26.726156
2035 23.822725 7.323216 31.146528
2036 18.030798 7.339206 25.370806
2037 39.454651 7.087609 46.543678
2038 24.361069 7.834499 32.197109
2039 23.164637 7.039642 30.205355
2040 23.794413 11.427425 35.222813
2041 20.312632 6.991740 27.305307
2042 26.318008 6.989059 33.308243
2043 19.282173 6.860688 26.143930
2044 22.566107 7.016471 29.583439
2045 23.348351 7.055644 30.404848
2046 19.504023 7.703739 27.208744
2047 23.369497 7.320200 30.690582
2048 27.846100 7.055338 34.902607
2049 23.382570 6.376862 29.760439
2050 22.220299 7.261316 29.482460
2051 28.308529 6.328221 34.637424
2052 43.458683 6.737018 50.196930
2053 56.537045 7.526402 64.065071
2054 50.971523 7.040861 58.013531
2055 44.897511 9.953690 54.852776
2056 30.071884 7.042153 37.115875
2057 23.117670 6.312710 29.431089
2058 18.501970 7.029074 25.531811
2059 21.820322 6.307949 28.129087
2060 31.889261 8.097714 39.988331
2061 27.193668 7.028418 34.222809
2062 28.953485 7.321930 36.277046
2063 18.266203 7.177182 25.444317
2064 28.165409 7.034930 35.201195
2065 30.642263 8.902573 39.546162
2066 21.529747 7.036430 28.567480
2067 16.870380 6.845592 23.716578
2068 15.133678 6.539481 21.673702
2069 24.497702 7.066586 31.564991
2070 22.639158 12.228516 34.868488
2071 17.408316 7.567952 24.977057
2072 24.228498 7.158783 31.388430
2073 48.135498 7.164599 55.301357
2074 53.199844 7.581935 60.783169
2075 35.395638 7.513456 42.910294
2076 34.177193 7.103741 41.282352
2077 22.042694 7.073126 29.116701
2078 33.006638 7.078653 40.086254
2079 25.954018 7.092022 33.047184
2080 23.826872 7.210524 31.038357
2081 17.563330 7.628525 25.192816
2082 23.250063 7.136346 30.387230
2083 28.959312 7.166972 36.127510
2084 25.208321 7.186973 32.395943
2085 21.322941 7.200459 28.524340
2086 22.846365 8.524258 31.371506
2087 78.195892 7.189984 85.386894
2088 27.492477 7.760295 35.254044
2089 34.170307 7.704689 41.876453
2090 33.257523 7.317830 40.576473
2091 17.396454 7.445076 24.842316
2092 21.329748 7.204192 28.534903
2093 31.337458 7.124862 38.463600
2094 23.694130 7.079783 30.774689
2095 22.221411 7.868189 30.090639
2096 25.854988 7.092709 32.948975
2097 26.256433 7.036365 33.293522
2098 24.402111 6.581400 30.985085
2099 22.404575 7.468706 29.874462
2100 25.162544 14.539813 39.703926
2101 23.410845 7.831031 31.242941
2102 17.872883 7.190226 25.063808
2103 20.910612 7.257020 28.168264
2104 26.393826 7.112042 33.506783
2105 37.772739 6.393580 44.167374
2106 28.599810 12.969699 41.571007
2107 16.376999 7.164997 23.543262
2108 15.782678 7.105376 22.888788
2109 22.212114 7.677928 29.891005
2110 21.444227 7.174849 28.619764
2111 24.093563 7.103786 31.198351
2112 24.452221 7.138452 31.591885
2113 19.347261 8.038125 27.386318
2114 23.698732 7.682227 31.381800
2115 27.124870 11.343097 38.469711
2116 15.775048 7.624885 23.400948
2117 20.769001 7.757449 28.527477
2118 23.182341 7.270225 30.453485
2119 36.582413 7.761851 44.345726
2120 24.994608 7.277926 32.273914
2121 20.986080 7.235592 28.222683
2122 23.164009 7.351592 30.516872
2123 29.622114 7.282656 36.905991
2124 16.030338 7.847582 23.878994
2125 21.608183 7.239927 28.848892
2126 20.895086 7.414729 28.310572
2127 23.095444 7.414766 30.511402
2128 38.357399 7.497693 45.856377
2129 31.491318 8.507882 40.001587
2130 22.525620 12.074839 34.601803
2131 22.446468 9.357709 31.805418
2132 26.943085 7.285367 34.229614
2133 21.236761 7.764007 29.001884
2134 21.310869 7.413861 28.725853
2135 16.029243 7.784529 23.814676
2136 21.764603 6.981004 28.746387
2137 56.090736 8.033114 64.125130
2138 23.240404 7.284582 30.525785
2139 49.473030 7.527508 57.001968
2140 20.481424 7.448758 27.931047
2141 41.078274 7.446748 48.526138
2142 20.874905 6.701617 27.577469
2143 19.318935 7.848249 27.168390
2144 22.841213 6.843379 29.685415
2145 19.898041 10.854666 30.754124
2146 21.886518 7.793401 29.681248
2147 25.507824 7.356267 32.865074
2148 25.255749 7.357709 32.614407
2149 22.701082 7.540607 30.242796
2150 19.859556 7.475289 27.335894
2151 27.216658 12.427439 39.644814
2152 21.068708 7.338602 28.408094
2153 22.541437 7.364058 29.906338
2154 19.004036 7.490713 26.495794
2155 22.364744 8.643946 31.009682
2156 23.560934 7.887651 31.449345
2157 21.421158 7.325164 28.747002
2158 22.294628 7.393332 29.688667
2159 17.237364 7.403676 24.641739
2160 23.463642 13.069402 36.533875
2161 21.536600 12.494976 34.032600
2162 20.494471 8.184804 28.680349
2163 17.680084 7.121290 24.802521
2164 22.284576 7.397172 29.683081
2165 17.484472 7.314665 24.799852
2166 24.486076 7.315907 31.803312
2167 24.916367 6.567847 31.485170
2168 24.328020 7.319492 31.648245
2169 26.727245 7.242335 33.970352
2170 24.969631 7.395670 32.366447
2171 23.168056 8.002515 31.171621
2172 17.706297 7.416616 25.123680
2173 20.843189 8.806202 29.650124
2174 19.821386 7.478336 27.300585
2175 17.294687 7.356500 24.652407
2176 24.131084 6.630936 30.763060
2177 51.083912 7.268931 58.354195
2178 42.587517 8.926545 51.515354
2179 42.527039 8.202168 50.730564
2180 19.059130 7.304850 26.364714
2181 21.920368 8.249729 30.170902
2182 27.294043 15.190109 42.485924
2183 28.067493 6.603318 34.671852
2184 18.686323 8.519485 27.206902
2185 21.339769 7.318961 28.659578
2186 24.545107 8.172896 32.718655
2187 31.961512 7.378775 39.341393
2188 25.585243 7.618318 33.204510
2189 24.327812 7.520858 31.849642
2190 24.565226 11.946391 36.512489
2191 24.873899 7.761427 32.636078
2192 25.905287 7.800513 33.706738
2193 30.244383 19.816994 50.063019
2194 19.212292 7.276262 26.489395
2195 25.692934 6.802153 32.496258
2196 21.824497 7.250244 29.075638
2197 26.740366 7.129156 33.870293
2198 30.718397 7.917019 38.636524
2199 22.650654 7.399962 30.051472
2200 18.647923 7.584592 26.233227
2201 22.666349 6.783854 29.451103
2202 35.562923 6.731451 42.295551
2203 18.480520 6.599143 25.080326
2204 21.301142 7.451689 28.753735
2205 27.383457 15.417690 42.802433
2206 25.451448 7.152442 32.604740
2207 22.551981 7.579436 30.132261
2208 18.655247 7.602729 26.258739
2209 18.104671 7.806365 25.911892
2210 24.717838 6.544127 31.262653
2211 28.679359 6.501870 35.182209
2212 24.261942 6.556051 30.818693
2213 19.032108 6.694706 25.727491
2214 22.745377 6.838163 29.584740
2215 26.613386 8.833439 35.448257
2216 17.075756 7.199775 24.276190
2217 18.175558 6.536445 24.712681
2218 19.974970 7.272441 27.248390
2219 22.440397 7.250574 29.691788
2220 23.489935 12.248817 35.739494
2221 21.957054 7.070744 29.028631
2222 29.320778 7.088785 36.410530
2223 21.417189 6.386105 27.804066
2224 18.712952 6.423572 25.137079
2225 29.583668 7.445237 37.030109
2226 36.349831 14.260037 50.611759
2227 23.533922 6.419388 29.954193
2228 33.731728 8.551303 42.283791
2229 19.890190 6.445682 26.336636
2230 22.885798 8.248176 31.152664
2231 23.556154 6.525379 30.082539
2232 21.762491 8.256686 30.019857
2233 24.479120 7.171174 31.650961
2234 18.870449 7.172124 26.043299
2235 19.275946 7.307207 26.583958
2236 24.516640 7.495332 32.012840
2237 58.612236 12.023171 70.637199
2238 35.643288 7.354864 42.999210
2239 27.378595 7.456952 34.836414
2240 35.403488 7.182116 42.587017
2241 26.402348 8.790380 35.193920
2242 32.313946 7.393824 39.708775
2243 26.677345 7.243634 33.922089
2244 25.365887 7.136923 32.503628
2245 26.949839 11.428433 38.380096
2246 24.358414 7.769780 32.129490
2247 43.285576 7.184033 50.470837
2248 28.289049 9.957855 38.248066
2249 30.206413 11.101052 41.308880
2250 20.784639 12.830540 33.616253
2251 23.786671 7.257352 31.044922
2252 35.248680 7.321948 42.572453
2253 20.721033 6.669990 27.391947
2254 26.143892 7.170296 33.315029
2255 24.186476 7.116622 31.304337
2256 29.260790 7.162173 36.423740
2257 23.837820 7.185672 31.024323
2258 25.578327 7.254264 32.833424
2259 21.966747 7.237953 29.205311
2260 20.423014 7.696642 28.120419
2261 21.690481 7.745151 29.436516
2262 26.129190 7.235418 33.365860
2263 24.793608 7.247621 32.042000
2264 21.004311 7.256852 28.261881
2265 26.086313 7.671212 33.758652
2266 18.037012 7.879962 25.917824
2267 18.161810 7.042144 25.204922
2268 16.299541 6.473176 22.773500
2269 24.973623 7.472516 32.446835
2270 24.599445 6.960528 31.560858
2271 25.455530 7.235272 32.691681
2272 23.856928 6.526543 30.384115
2273 22.235933 7.428267 29.665110
2274 22.244368 7.415513 29.660641
2275 24.253710 6.623768 30.878393
2276 29.587950 12.872485 42.462154
2277 20.147909 6.544023 26.692661
2278 18.755720 7.614888 26.371145
2279 24.511683 7.437527 31.950302
2280 24.877836 12.174094 37.053307
2281 23.255939 7.320146 30.577131
2282 22.665937 7.326803 29.993633
2283 25.189451 7.328070 32.518650
2284 33.282082 7.307312 40.590511
2285 25.878471 7.295938 33.175243
2286 21.697163 9.051674 30.749758
2287 49.925434 7.278169 57.204811
2288 23.015795 7.441116 30.457935
2289 19.659880 7.355598 27.016600
2290 20.196291 7.310235 27.507355
2291 28.298279 7.532139 35.831650
2292 28.622757 6.610989 35.234570
2293 33.638508 14.906750 48.546860
2294 24.706715 7.444785 32.152348
2295 31.940096 8.128887 40.070450
2296 31.444023 7.370180 38.815407
2297 25.213642 8.821210 34.035744
2298 21.981550 7.370579 29.353382
2299 48.267029 7.437290 55.705902
2300 33.788918 11.982658 45.773228
2301 24.415625 6.520189 30.936907
2302 22.816847 7.284482 30.102304
2303 27.593016 6.609176 34.202988
2304 35.070358 7.408642 42.480518
2305 28.636992 7.266699 35.905029
2306 21.125141 6.564668 27.690365
2307 18.240953 7.104264 25.345964
2308 26.869808 7.351507 34.222382
2309 27.850527 7.338399 35.189960
2310 26.056305 12.197229 38.254547
2311 20.613708 6.585592 27.200218
2312 24.145744 7.704943 31.851538
2313 23.984619 7.269931 31.255489
2314 27.462790 7.298366 34.761997
2315 20.692425 9.911468 30.604765
2316 18.573851 6.520661 25.095303
2317 20.242456 7.620823 27.864206
2318 21.726641 7.268585 28.996216
2319 41.399708 10.575104 51.976658
2320 24.205585 7.257620 31.464003
2321 22.755407 7.292471 30.048832
2322 24.456894 8.068930 32.527142
2323 24.952040 7.306974 32.260056
2324 18.388840 7.859586 26.249397
2325 20.489862 7.276701 27.767210
2326 36.809784 10.984301 47.795364
2327 25.266544 7.225462 32.492767
2328 23.038723 6.679767 29.719547
2329 27.649298 7.252540 34.902794
2330 21.609608 7.329397 28.939701
2331 23.715389 7.463742 31.180056
2332 25.448179 7.319035 32.768841
2333 28.281818 7.239876 35.522465
2334 33.994083 7.244172 41.239555
2335 35.215839 7.244512 42.461643
2336 26.880560 7.176298 34.057766
2337 46.125744 7.208722 53.335629
2338 42.036560 7.179457 49.217167
2339 29.285597 7.435664 36.722485
2340 24.174351 16.220945 40.396858
2341 26.020004 7.183259 33.204014
2342 19.169300 7.169687 26.339781
2343 25.902716 7.351924 33.255371
2344 24.942377 6.438953 31.382372
2345 23.580015 7.535356 31.116241
2346 19.045326 7.661040 26.707033
2347 19.174519 6.535776 25.711699
2348 25.106174 7.112942 32.220249
2349 26.226576 7.080564 33.308025
2350 20.790380 7.900322 28.691525
2351 18.835672 7.823166 26.659742
2352 23.766478 7.178171 30.945278
2353 26.844477 6.415121 33.260929
2354 27.280182 7.142126 34.423344
2355 22.809898 8.461805 31.273016
2356 41.349789 7.322923 48.674004
2357 23.448370 7.332775 30.781904
2358 28.632868 7.097700 35.731636
2359 22.541698 7.905860 30.449018
2360 31.167593 13.367961 44.536964
2361 22.147219 7.344370 29.492865
2362 20.482237 10.873792 31.357574
2363 17.524004 7.319750 24.844707
2364 17.551821 6.914374 24.467291
2365 22.683119 6.553448 29.237785
2366 31.783518 11.590989 43.376305
2367 20.025475 8.536091 28.562487
2368 32.880581 8.493491 41.375202
2369 26.953571 11.397073 38.351753
2370 23.496628 11.368650 34.866634
2371 24.528740 7.805442 32.334831
2372 23.391817 7.801557 31.194443
2373 27.488314 7.311202 34.800629
2374 35.837742 6.825941 42.665207
2375 19.962723 7.554218 27.517811
2376 26.920404 7.156491 34.077839
2377 38.338413 12.672167 51.013000
2378 24.834646 7.021528 31.857012
2379 37.130424 7.235010 44.366608
2380 25.872675 7.396373 33.270397
2381 27.225452 7.076228 34.302357
2382 23.575348 6.917623 30.493923
2383 26.706804 10.461161 37.169407
2384 19.195175 12.773541 31.970480
2385 24.507673 7.089897 31.598362
2386 29.125937 8.043701 37.170933
2387 66.892395 7.118610 74.012161
2388 48.710163 8.813453 57.525375
2389 39.562923 7.611474 47.177216
2390 31.980785 8.002236 39.984306
2391 24.064137 7.182920 31.249527
2392 26.432827 7.341995 33.775394
2393 25.461876 7.097129 32.560162
2394 22.774155 7.193682 29.969231
2395 29.127193 7.145311 36.273373
2396 24.771961 6.461799 31.234669
2397 26.929153 6.428974 33.359093
2398 27.479738 6.420235 33.901588
2399 24.228853 6.479826 30.709654
2400 23.356407 12.626786 35.984131
2401 25.881819 7.075740 32.958260
2402 29.396109 8.843820 38.241077
2403 28.003738 8.708957 36.713722
2404 26.369087 7.104451 33.474403
2405 24.788321 7.744376 32.533787
2406 20.325560 7.676064 28.002642
2407 28.512718 7.078093 35.591789
2408 22.481243 7.085008 29.567232
2409 24.531691 7.777763 32.310444
2410 27.680182 7.065990 34.747295
2411 24.525217 9.103134 33.629555
2412 27.169273 12.697326 39.867981
2413 24.658363 7.096749 31.756187
2414 29.666302 7.396383 37.063999
2415 19.842178 6.813720 26.656851
2416 23.419901 6.392350 29.813089
2417 26.300697 7.129416 33.430843
2418 36.926338 13.213038 50.141026
2419 33.651539 10.111144 43.763966
2420 28.654730 7.865889 36.522541
2421 26.693884 7.848872 34.544411
2422 21.358324 6.362124 27.721678
2423 29.499172 6.585601 36.085945
2424 21.690628 6.400377 28.092434
2425 19.299553 6.442435 25.742716
2426 25.617718 7.889742 33.508743
2427 23.702200 7.895033 31.598497
2428 26.905575 7.761437 34.668053
2429 24.068100 7.601506 31.670839
2430 19.485888 13.553383 33.040131
2431 19.923941 7.296292 27.221205
2432 35.275318 8.250092 43.526638
2433 18.376162 7.162138 25.539463
2434 25.596399 7.115738 32.713203
2435 26.607262 7.277713 33.886192
2436 25.136347 12.703293 37.840763
2437 45.910503 9.823964 55.735935
2438 29.729071 7.182971 36.913105
2439 25.830791 7.140500 32.972168
2440 29.040894 7.124432 36.166576
2441 34.040535 7.299985 41.341869
2442 23.340225 7.160940 30.502701
2443 42.344555 7.217650 49.563313
2444 28.327744 8.115840 36.444778
2445 30.193134 7.377035 37.571644
2446 23.824894 7.202507 31.028307
2447 25.291618 7.182171 32.475132
2448 29.501663 8.155566 37.658627
2449 24.465984 9.642480 34.109417
2450 30.715454 7.331583 38.048344
2451 24.151711 7.154847 31.307373
2452 24.386009 7.192905 31.580076
2453 19.879267 7.361419 27.241806
2454 31.443018 8.524568 39.968567
2455 21.080021 7.127308 28.208132
2456 20.811712 7.430308 28.243357
2457 23.688934 7.131453 30.821346
2458 35.277493 6.425477 41.704021
2459 19.719833 6.502998 26.223946
2460 25.136112 14.395966 39.532997
2461 28.987411 10.729345 39.717999
2462 22.275848 7.156865 29.433765
2463 20.586412 6.653096 27.240414
2464 22.898548 7.103892 30.003283
2465 22.483253 7.227568 29.711428
2466 32.627522 7.204085 39.832970
2467 23.795015 6.563559 30.359146
2468 32.839317 8.384440 41.227203
2469 23.734875 7.509390 31.245129
2470 18.723669 7.248054 25.972460
2471 26.961964 6.446079 33.408943
2472 26.665283 7.454141 34.120319
2473 26.107506 7.144660 33.253754
2474 23.275909 7.947004 31.223680
2475 22.390774 6.436494 28.828192
2476 21.491564 6.358536 27.851250
2477 24.828913 7.062566 31.892582
2478 20.085417 7.073750 27.159964
2479 24.145025 7.086764 31.232727
2480 30.035686 9.532271 39.569252
2481 22.560165 7.096937 29.658199
2482 30.262880 6.424966 36.689404
2483 24.698248 7.069544 31.768961
2484 22.370632 9.348506 31.720470
2485 19.742878 7.083405 26.827204
2486 25.920542 7.064600 32.986130
2487 74.016594 7.824832 81.842461
2488 25.530775 7.059809 32.591755
2489 38.694695 7.174162 45.870037
2490 29.636076 12.674450 42.311600
2491 20.124313 7.208109 27.333229
2492 18.049114 7.279984 25.329941
2493 24.436745 7.383112 31.821133
2494 20.569252 11.578228 32.148304
2495 24.729897 7.304599 32.035332
2496 26.914873 7.564229 34.479866
2497 22.734636 7.153384 29.888842
2498 26.536917 7.135746 33.673470
2499 43.776455 7.089380 50.867126
2500 58.752079 7.206984 65.960251
2501 38.928951 13.846134 52.776722
2502 22.113529 7.242271 29.356421
2503 18.752136 7.169559 25.922422
2504 24.393585 7.118595 31.513153
2505 24.351383 7.126131 31.478577
2506 33.296761 7.498892 40.796692
2507 24.071419 7.120074 31.192390
2508 40.262474 7.167864 47.431549
2509 24.557878 7.409405 31.968348
2510 28.003366 7.122395 35.127415
2511 22.428102 7.137932 29.566643
2512 37.818291 7.186495 45.006351
2513 40.484837 7.873512 48.359928
2514 31.657413 8.393708 40.052097
2515 40.480358 7.184945 47.666615
2516 29.885616 7.884472 37.771137
2517 25.362848 6.349721 31.713614
2518 20.737303 6.325773 27.063782
2519 29.625120 7.082703 36.708801
2520 24.171906 12.746133 36.918819
2521 24.975918 8.036078 33.013065
2522 25.557877 7.106770 32.665600
2523 39.710526 7.082861 46.795113
2524 18.099188 6.333091 24.433332
2525 21.554764 8.390312 29.945997
2526 20.325211 7.094122 27.419926
2527 23.629301 7.803623 31.433853
2528 21.420458 7.553105 28.974218
2529 23.552347 7.064147 30.617502
2530 26.187597 7.214263 33.403221
2531 22.554873 7.089956 29.645716
2532 26.078005 8.444239 34.523380
2533 23.057837 7.142957 30.201820
2534 24.366133 7.128144 31.495043
2535 26.148857 6.341741 32.491211
2536 25.302336 7.050044 32.353249
2537 20.433262 8.902548 29.336792
2538 34.466747 13.577410 48.045631
2539 24.509584 7.733333 32.244099
2540 35.538586 7.406609 42.946404
2541 19.164425 7.061894 26.227058
2542 29.557533 11.701014 41.260696
2543 21.763371 7.027951 28.792591
2544 27.400936 7.017650 34.419804
2545 19.222998 15.349051 34.573219
2546 19.413378 6.612449 26.026756
2547 20.831194 8.082907 28.915138
2548 23.215494 6.886973 30.103407
2549 26.826897 7.263961 34.091915
2550 32.199085 12.898085 45.098316
2551 16.647797 6.631850 23.280180
2552 26.071932 7.060997 33.133808
2553 26.360374 7.915048 34.276394
2554 21.085321 7.406995 28.492872
2555 27.648943 7.070210 34.719856
2556 29.521997 7.106248 36.629780
2557 25.461191 8.802007 34.264339
2558 29.872543 7.472849 37.346951
2559 25.529568 8.347620 33.878239
2560 22.320580 8.055383 30.377043
2561 24.139778 7.116422 31.257273
2562 26.429958 7.147903 33.578751
2563 26.214006 7.301226 33.516014
2564 18.875151 8.027812 26.904251
2565 23.789225 6.475217 30.265255
2566 20.234732 7.136171 27.371685
2567 21.471209 7.174413 28.646631
2568 28.767982 6.365163 35.134373
2569 22.551508 7.691566 30.244070
2570 22.901838 7.121129 30.023796
2571 24.146196 7.123096 31.270100
2572 24.841072 7.172792 32.014851
2573 19.942781 7.429318 27.372812
2574 24.397057 7.582058 31.980074
2575 23.548138 7.820281 31.369694
2576 23.112659 6.414030 29.527908
2577 23.645538 7.248468 30.894938
2578 18.481455 9.536607 28.018854
2579 24.265839 6.544859 30.811729
2580 20.774223 13.600407 34.375534
2581 18.490910 7.184171 25.676311
2582 25.611076 7.066703 32.678764
2583 21.343687 7.050413 28.394953
2584 22.426155 7.090116 29.517290
2585 27.039516 7.116648 34.157322
2586 27.254953 7.836217 35.092560
2587 23.938274 7.106930 31.046522
2588 22.596659 7.087104 29.684893
