270 228
334 299
345 299
347 299
355 299
356 297
360 316
361 318
362 316
363 316
364 317
365 306
366 306
367 306
368 317
369 307
370 307
371 297
372 283
420 387
421 387
422 386
423 384
424 384
425 384
426 387
427 387
428 384
429 384
430 388
431 390
432 390
433 387
434 390
435 390
436 387
439 390
440 387
441 387
442 390
450 419
452 399
510 477
605 495
608 495
610 491
611 493
612 496
613 490
614 496
615 495
616 489
617 496
632 489
651 424
652 424
654 429
655 424
656 424
660 630
661 447
662 434
663 434
664 429
665 429
666 447
667 447
669 447
670 447
671 447
672 447
673 447
674 447
675 447
676 630
678 630
679 429
682 447
683 630
685 630
686 630
688 437
690 651
691 650
692 652
693 652
694 644
695 644
696 644
697 654
698 644
699 654
700 652
701 654
702 656
703 644
704 652
705 630
706 654
707 654
708 652
709 654
710 651
711 437
712 630
713 654
714 654
715 437
716 654
717 437
718 437
719 630
720 679
721 679
722 679
723 680
724 685
725 677
726 676
727 676
728 676
729 676
730 677
731 676
732 676
733 685
734 676
735 685
736 676
737 680
738 676
739 676
740 676
741 685
742 685
743 686
744 685
745 685
746 686
747 685
748 686
749 686
750 718
751 718
752 696
753 686
754 686
755 712
756 718
757 718
758 718
759 712
760 712
761 712
762 712
763 718
764 718
765 720
766 720
767 714
768 719
769 720
770 720
771 720
772 720
773 696
774 696
775 703
776 703
777 703
778 703
779 695
780 705
781 696
782 696
783 695
784 696
785 695
786 696
787 696
788 696
789 703
790 637
791 712
794 724
795 724
796 703
797 703
798 724
799 715
800 702
801 715
802 702
803 643
804 715
805 715
806 702
807 702
808 641
809 718
810 713
811 769
812 713
813 715
814 713
817 771
818 715
1038 671
1052 716
1053 716
1054 716
1230 1038
1763 1037
1764 1037
1775 687
1776 687
1777 687
1780 687
1781 688
1783 684
1784 687
1785 687
1786 684
1787 687
1788 687
1789 684
1790 687
1791 687
1792 687
1793 687
1794 684
1795 687
1796 687
1797 687
1798 687
1799 687
1800 1770
1801 1770
1802 1770
1803 1770
1804 1764
1805 1762
1807 688
1809 768
1810 768
1811 765
1816 693
1890 1859
1891 1859
1892 1859
1893 1859
1894 1857
1895 1857
1896 1857
1897 1859
1898 1857
1899 1857
1900 1857
1901 1859
1903 1855
1904 1855
1905 1855
1929 1818
1932 1818
1936 1818
1938 1818
1939 1818
1940 1820
1941 1820
1942 1820
1943 1820
1944 1820
1945 1820
1946 1815
1947 1817
1948 1817
1949 1812
1950 1810
1951 1812
1952 1817
1953 1817
1954 1803
1955 1812
1956 1817
1957 1816
1958 1799
1959 1819
1960 1799
1961 1799
1962 1799
1963 1799
1964 1799
1965 1787
1966 1795
1967 1808
1968 1795
1969 1787
1970 1773
1971 1773
1972 1773
1973 1785
1974 1786
1978 1786
1979 1773
1980 1773
1981 1773
1983 780
1984 767
1985 782
1986 773
1987 780
1988 780
1989 780
1990 780
1991 780
1992 780
1993 767
1994 772
1995 773
1996 773
1997 767
1998 767
1999 767
2001 791
2002 791
2003 724
2004 794
2005 794
2006 797
2007 797
2008 794
2009 794
2010 1976
2011 794
2012 1976
2013 1980
2014 1980
2015 1974
2016 1979
2017 1980
2018 1980
2019 1979
2020 1974
2021 1980
2022 1976
2023 1974
2024 1976
2025 1976
2026 1974
2027 1974
2028 1979
2029 1980
2030 1979
2031 1980
2032 1980
2033 772
2034 1980
2035 1980
2036 772
2037 1980
2038 1980
2039 1977
2040 1993
2041 1988
2042 1989
2043 1988
2044 1990
2045 1988
2046 1990
2047 1984
2048 1987
2049 1980
2050 1980
2051 1984
2052 1976
2053 1977
2054 1803
2055 1967
2056 1977
2057 1977
2058 1977
2059 1970
2060 1970
2061 1972
2062 1970
2063 1970
2064 1972
2065 1968
2066 1968
2067 1968
2068 1968
2069 1968
2070 1968
2071 1968
2073 1795
2074 1968
2075 1751
2076 1966
2077 1966
2078 1969
2079 1751
2080 1753
2082 1751
2083 1957
2084 1957
2085 1957
2086 1957
2087 1957
2088 1753
2089 1943
2094 1943
2095 1943
2097 1751
2098 1748
2099 1748
2101 1751
2102 1952
2103 1952
2220 2184
2221 2181
2222 2185
2223 2185
2224 2181
2225 2181
2255 476
2256 476
2257 476
2258 476
2260 469
2261 469
2263 469
2267 474
2278 466
2285 639
2286 790
2287 790
2288 790
2289 639
2293 790
2294 790
2295 473
2296 639
2297 639
2301 643
2302 803
2304 808
2308 800
2309 808
2310 803
2313 808
2314 2261
2315 802
2316 802
2317 803
2319 2273
2320 2273
2321 808
2322 2273
2323 2273
2324 2273
2325 2273
2326 2273
2327 2273
2328 2273
2329 2273
2330 2273
2331 2278
2332 2273
2333 2273
2334 2273
2335 2273
2336 2273
2337 2273
2338 2273
2339 2278
2340 2288
2341 2288
2342 2288
2343 2288
2344 2288
2345 2288
2346 2282
2347 2290
2348 2288
2349 2283
2350 2282
2351 2288
2352 2288
2353 2290
2354 2282
2355 2286
2356 2288
2357 2288
2358 2288
2359 2282
2360 2288
2361 2288
2362 2288
2363 2288
2364 2288
2365 2300
2366 2282
2367 2297
2368 2282
2369 2297
2370 2339
2371 2297
2372 2297
2373 2339
2374 2300
2375 2336
2376 2340
2377 2298
2378 2336
2379 2298
2380 2298
2381 2298
2382 2298
2383 2298
2384 2298
2385 2281
2386 2298
2387 2280
2388 2336
2389 2297
2390 2293
2391 2280
2392 2281
2393 2281
2394 2281
2395 2280
2396 2280
2397 2283
2398 2285
2399 2285
2400 2365
2401 2362
2402 2365
2403 2370
2404 2283
2405 2359
2406 2368
2407 2370
2408 2368
2409 2370
2410 2370
2411 2366
2412 2282
2413 2282
2414 2362
2415 2362
2416 2362
2417 2291
2418 2282
2419 2298
2420 2284
2421 2298
2422 2299
2423 2298
2424 2299
2425 2301
2426 2298
2427 2298
2428 2266
2429 2298
2430 2382
2431 2301
2432 2301
2433 2294
2434 2301
2435 2299
2436 2298
2437 2298
2438 2298
2439 2298
2440 2296
2441 2301
2442 2297
2443 2301
2444 2299
2445 2299
2446 2268
2448 2383
2449 2300
2450 2300
2451 2306
2452 2300
2453 2300
2454 2305
2455 2306
2456 2308
2457 2377
2458 2300
2459 2302
2460 2305
2461 2306
2462 2430
2463 2424
2464 2430
2465 2308
2466 2424
2467 2430
2468 2383
2469 2427
2470 2299
2471 2429
2472 2426
2473 2427
2474 2424
2475 2298
2476 2424
2477 2424
2478 2299
2479 2299
2480 2426
2481 2299
2482 2298
2483 2424
2484 2383
2485 2424
2486 2426
2487 2298
2488 2299
2489 2297
2490 2300
2491 2300
2492 2286
2493 2300
2494 2434
2495 2424
2496 2423
2497 2434
2498 2299
2499 2298
2500 2285
2501 2382
2502 2286
2503 2293
2504 2426
2505 2434
2506 2424
2507 2433
2508 2424
2509 2425
2510 2413
2511 2300
2512 2300
2513 2454
2514 2458
2515 2459
2516 2298
2517 2384
2518 2436
2519 2436
2520 2490
2521 2484
2522 2426
2523 2484
2524 2485
2525 2426
2526 2426
2527 2375
2528 2485
2529 2490
2530 2424
2531 2473
2532 2472
2533 2436
2534 2490
2535 2347
2536 2454
2537 2490
2538 2490
2539 2490
2540 2490
2541 2434
2542 2443
2543 2376
2544 2375
2545 2375
2546 2375
2547 2366
2548 2366
2549 2376
2550 2376
2551 2358
2552 2490
2553 2354
2554 2474
2555 2454
2556 2368
2557 2454
2558 2376
2559 2358
2560 2454
2561 2452
2562 2443
2563 2484
2564 2366
2565 2474
2566 2336
2567 2366
2568 2498
2569 2368
2570 2354
2571 2354
2572 2376
2573 2490
2574 2498
2575 2354
2576 2490
2577 2354
2578 2354
2579 2498
2580 2546
2581 2539
2582 2539
2583 2540
2584 2545
2585 2546
2586 2545
2587 2528
2588 2528
2589 2546
2590 2546
2591 2424
2592 2496
2593 2520
2594 2494
2595 2494
2596 2494
2597 2496
2598 2496
2599 2496
2600 2492
2601 2492
2602 2496
2603 2496
2604 2367
2605 2520
2606 2409
2607 2286
2608 2395
2609 2490
2610 2490
2611 2291
2612 2277
2613 2490
2614 2286
2615 2410
2616 2290
2617 2290
2618 2284
2619 2284
2620 2290
2621 2286
2622 2278
2623 2278
2624 2572
2629 2566
2630 1859
2638 2574
2930 649
2952 480
2958 1924
2962 460
2963 476
2964 2261
2965 468
2966 473
2969 461
2970 461
2972 475
2973 475
2974 639
2977 496
2978 632
2982 412
2983 412
2986 633
2987 640
2988 640
2989 636
2990 424
2991 649
2992 649
2993 765
2994 649
2995 686
2996 649
2997 630
2998 649
2999 648
3000 642
3001 649
3003 2930
3004 649
3007 649
3008 630
3009 765
3010 630
3011 630
3013 630
3014 686
3016 685
3017 633
3018 630
3019 630
3020 2901
3024 2906
3026 2906
3027 458
3028 626
3031 458
3032 458
3036 2923
3038 2920
3039 2920
3040 2923
3041 2923
3042 2920
3043 2923
3044 2994
3045 2929
3046 2926
3047 2994
3048 2999
3049 2999
3050 2999
3051 2999
3052 2994
3053 2994
3054 3000
3055 3000
3056 2999
3059 677
3060 3010
3061 3005
3062 3006
3063 3008
3064 3010
3065 2994
3066 2994
3067 2994
3068 2994
3069 2992
3070 2994
3071 630
3072 3009
3073 630
3074 649
3075 649
3076 2991
3077 3010
3078 633
3079 3030
3080 3030
3081 3030
3082 3030
3087 3028
3088 3028
3089 3028
3090 3026
3091 3057
3092 3030
3093 3028
3094 3022
3095 3030
3096 3030
3097 3053
3098 3053
3099 3028
3100 3028
3101 3026
3102 3028
3103 3053
3105 3028
3106 622
3107 622
3108 3053
3109 3039
3110 2922
3111 3056
3112 3053
3113 636
3114 3026
3115 3026
3118 3027
3119 3053
3120 3071
3121 642
3122 3060
3124 3071
3125 3062
3126 3064
3127 3067
3128 3068
3129 3053
3130 3064
3131 3067
3132 757
3133 3053
3134 3006
3135 3006
3136 3006
3137 3006
3138 3006
3139 753
3140 753
3141 637
3142 637
3143 637
3144 637
3145 3029
3146 638
3147 637
3148 630
3149 3029
3150 3009
3151 3073
3152 749
3153 3029
3154 3073
3155 3073
3156 740
3157 3088
3158 3030
3159 740
3160 3020
3161 3032
3162 3032
3163 731
3164 727
3165 3053
3166 3059
3167 722
3168 1832
3169 1832
3170 3059
3171 727
3173 722
3174 728
3175 3030
3178 738
3179 738
3180 3150
3181 3009
3182 3135
3183 3009
3184 723
3185 765
3186 3009
3187 746
3188 713
3189 740
3190 738
3191 746
3194 676
3195 738
3197 664
3200 3051
3218 3005
3219 2996
3220 3005
3231 3084
3234 3083
3238 3085
3239 3085
3249 3116
3258 2630
3259 2640
3260 2640
3278 2241
3279 2241
3280 2197
3281 2197
3349 3035
3350 3055
3351 3055
3352 3055
3365 1817
3368 3065
3369 3009
3370 3181
3371 1976
3372 1966
3373 1966
3374 3183
3375 1966
3376 1809
3377 1967
3378 1966
3379 1966
3380 3179
3382 1968
3386 1972
3387 1968
3388 2067
3389 2066
3390 1968
3391 1977
3392 2068
3393 1977
3394 1780
3395 2064
3396 2064
3397 2064
3398 1968
3399 1957
3400 1968
3401 1776
3402 1956
3403 1966
3404 1965
3405 1957
3406 2055
3407 1967
3408 1967
3409 1967
3410 1964
3411 1967
3412 1967
3413 1966
3414 1967
3415 1975
3416 1967
3417 1967
3418 1976
3419 1976
3420 1977
3421 1973
3424 1969
3425 1970
3426 1968
3427 1973
3428 1968
3429 1975
3430 1975
3431 1971
3432 1976
3433 1971
3434 1967
3436 1969
3437 1973
3438 3375
3439 2030
3440 1974
3441 1967
3442 3372
3443 3377
3444 1969
3445 1974
3446 2028
3447 2037
3448 2039
3449 2063
3450 3411
3451 3411
3452 3372
3453 2037
3454 3419
3455 2033
3456 2037
3457 3372
3458 3386
3459 3386
3460 1982
3461 3411
3462 3405
3463 3377
3464 2027
3465 3405
3466 3405
3467 2044
3468 2055
3469 2055
3470 2055
3471 2044
3472 2044
3473 2033
3474 2050
3475 3368
3476 3368
3477 3368
3478 3369
3479 3370
3480 3365
3481 1823
3482 3365
3484 3170
3485 3169
3487 3366
3488 3170
3489 3170
3490 3167
3492 3365
3493 3372
3494 3385
3495 3438
3496 3436
3497 3372
3498 3185
3499 3172
3501 1968
3502 3374
3503 1973
3504 1973
3505 1972
3506 2056
3507 3423
3508 1973
3509 3419
3510 1973
3511 3419
3512 1976
3513 3423
3514 3420
3515 3420
3516 1792
3517 3420
3518 1792
3519 1801
3520 1792
3521 1813
3522 3436
3523 3430
3524 1813
3525 3430
3526 3437
3527 3437
3528 1804
3529 1805
3530 2052
3531 3437
3532 3437
3533 3437
3534 3476
3535 1810
3536 1804
3537 3457
3538 3474
3539 3437
3540 2056
3541 3457
3542 3386
3544 3386
3545 3473
3546 3504
3548 2068
3549 3390
3550 3390
3551 2064
3552 3388
3553 3503
3554 3386
3556 2064
3557 3372
3558 2067
3559 3372
3560 3372
3561 3369
3562 2077
3563 2081
3564 2077
3565 3182
3566 2080
3567 2080
3570 3538
3571 3534
3576 3535
3582 1824
3583 1824
3591 1829
3592 1829
3593 1829
3595 1829
3596 1829
3607 1834
3632 3300
3640 3303
3677 3061
3684 3356
3685 3356
3686 3356
3692 3366
3693 3366
3694 3364
3695 3366
3697 3366
3707 3496
3709 3494
3710 3476
3711 3492
3712 3524
3713 3494
3714 3504
3715 3406
3716 3518
3717 3517
3718 3517
3719 1795
3720 3408
3721 1968
3722 3386
3723 3518
3724 1795
3725 1968
3726 1968
3727 3390
3728 3385
3729 3385
3730 3386
3731 3386
3732 3390
3733 1977
3734 3392
3735 3386
3736 1972
3737 1972
3738 3444
3739 1972
3740 3386
3741 1970
3742 1972
3743 3390
3744 3429
3745 3456
3746 3429
3747 3429
3748 3429
3749 3432
3750 3526
3751 3526
3752 3526
3753 3435
3754 3712
3755 3438
3756 3435
3757 2040
3758 3716
3759 3716
3760 3716
3761 2040
3762 2040
3763 2040
3764 1984
3765 1984
3766 2042
3767 2040
3768 2041
3769 2040
3770 2041
3771 2042
3772 1984
3773 2042
3774 1981
3775 1979
3776 1981
3777 1977
3778 1981
3779 1981
3780 3741
3781 1978
3782 1977
3783 3741
3784 3741
3785 3742
3786 3506
3787 3506
3788 2054
3789 2049
3790 2055
3791 2054
3792 2055
3793 2054
3794 2054
3796 3713
3798 3706
3799 3713
3801 3712
3802 3712
3819 2061
4051 3370
4053 3368
4225 4041
4226 4041
4227 4044
4228 4041
4229 4046
4230 4041
4231 4041
4255 1435
4256 4053
4257 4053
4258 4053
4259 1434
4261 1427
4264 1427
4265 1428
4266 1441
4267 1428
4269 1440
4270 1442
4277 1069
4284 1445
4285 4076
4286 4076
4288 4076
4290 4250
4291 4250
4350 4319
4351 4319
4353 4319
4355 4318
4358 4303
4359 4312
4363 4303
4365 4303
4367 4303
4368 4303
4369 4303
4370 4305
4374 4305
4375 4304
4727 1916
4729 1926
4732 1927
4736 1927
4738 1927
4740 1939
4741 1944
4742 1942
4743 1942
4744 1942
4745 1943
4746 1954
4747 1952
4748 1942
4749 1948
4750 1954
4751 1954
4752 1954
4753 1954
4754 1954
4755 1954
4756 1954
4757 1954
4758 1954
4759 1954
4760 1954
4761 1954
4762 1954
4763 1954
4764 1954
4765 1954
4766 1954
4767 1954
4768 1954
4769 1954
4770 1777
4771 1777
4772 1797
4774 1775
4775 1775
4776 1770
4777 1775
4778 1775
4779 2054
4780 2054
4781 2054
4782 2054
4783 2054
4784 2054
4785 2054
4786 2054
4787 2054
4788 2059
4789 2054
4790 2054
4791 2054
4792 2054
4793 2054
4794 2054
4795 2054
4796 2054
4797 2054
4798 2054
4799 1954
4800 4769
4801 4768
4803 2054
4804 1808
4805 1954
4806 1954
4809 1777
4815 1777
4816 1787
4817 1790
4818 1777
4819 1777
4820 1777
4821 1777
4822 1970
4823 1777
4824 4769
4825 1793
4826 1777
4827 4769
4828 4769
4829 1777
4830 1787
4831 1787
4832 1777
4833 1777
4834 2054
4835 4795
4836 4787
4837 4795
4838 4795
4839 4800
4840 4795
4841 4788
4842 2055
4843 2055
4844 2055
4845 2055
4846 2055
4847 4795
4848 4795
4849 2055
4850 2056
4851 2055
4852 4798
4853 4798
4854 4775
4855 4768
4856 4775
4857 4775
4858 1793
4859 1954
4860 4806
4861 4806
4862 1954
4863 1954
4864 4806
4865 4806
4866 4806
4871 3535
4872 3537
4873 3535
4876 3535
4878 771
4881 3503
4883 3370
4891 1946
4893 3517
4895 3497
4896 4860
4897 1948
4898 1947
4899 1947
4905 1958
4906 1964
4908 1952
4909 1952
4911 1948
4912 4844
4923 4888
4925 765
5206 1046
5234 4781
5235 4851
5236 4851
5237 4851
5238 4851
5239 4851
5240 4851
5241 4851
5246 4820
5247 4824
5248 4822
5249 4822
5250 4822
5251 4822
5254 4822
5255 4824
5256 4822
5257 4822
5258 4824
5259 4824
5260 4824
5261 4825
5262 4825
5263 4824
5264 4825
5265 4834
5266 4838
5267 4847
5268 4834
5269 4783
5270 4834
5271 4846
5272 4846
5273 4846
5274 4840
5275 4783
5276 4846
5277 4783
5278 4783
5279 4783
5280 2056
5281 4844
5282 4846
5283 5236
5284 4851
5285 2064
5286 2065
5287 2065
5288 5236
5290 1974
5291 2062
5293 5237
5294 5237
5298 1965
5303 1972
5304 1971
5305 4822
5308 4817
5309 4817
5310 3785
5311 3784
5319 1794
5322 3759
5325 3754
5331 780
5334 780
5335 780
5336 1983
5342 5290
5343 5294
5344 5290
5345 5290
5346 5290
5347 5290
5348 5290
5349 5295
5350 5295
5351 5290
5352 5295
5353 5294
5354 5302
5355 5306
5356 2004
5357 5290
5370 5332
5371 5332
5372 5332
5373 5332
5374 5321
5375 2049
5377 5290
5378 5339
5379 5321
5380 5321
5382 5321
5383 5321
5384 5320
5385 5336
5386 5291
5387 5336
5388 5289
5389 5336
5390 5336
5391 5289
5392 5291
5395 5291
5396 5291
5397 5291
5398 5291
5399 5291
5400 5290
5401 5291
5403 5291
5404 5291
5405 5291
5411 5291
5416 5343
5417 5343
5419 5343
5420 5289
5421 5291
5425 5245
5428 5244
5429 5248
5430 5400
5431 5244
5433 5245
5435 5257
5436 5269
5437 5269
5451 5234
5453 5234
5454 5244
5456 5234
5457 5232
5458 5232
5460 5430
5461 5422
5462 5429
5463 5429
5464 5430
5465 5429
5466 5429
5467 5429
5468 5422
5469 5422
5470 5406
5471 5429
5472 5406
5473 5429
5474 5429
5475 5429
5476 5429
5477 5429
5478 5429
5479 5260
5480 5260
5481 5260
5482 5422
5483 5422
5484 5422
5485 5422
5486 5429
5487 5429
5488 5429
5489 5422
5490 5437
5491 5437
5492 5434
5493 5436
5494 5437
5495 5437
5496 5436
5497 5440
5498 5460
5499 5437
5500 5437
5503 5439
5504 5439
5505 5439
5506 5442
5507 5437
5508 5442
5509 5442
5510 5442
5511 5439
5512 5287
5513 5287
5514 5287
5515 5287
5516 5287
5517 5287
5518 5287
5519 5287
5520 5287
5521 5287
5522 5287
5523 5287
5524 5287
5616 5399
5617 5395
5620 5396
5621 5396
5623 5396
5624 5421
5625 5427
5626 5421
5627 5421
5628 5428
5629 5422
5630 5439
5633 5422
5635 5440
5636 5439
5637 5443
5638 5439
5647 5445
5648 5451
5650 5457
5658 5507
5659 5528
5660 5436
5661 5528
5662 5422
5663 5528
5664 5470
5665 5453
5666 5421
5667 5421
5668 5453
5669 5436
5670 5460
5671 5492
5672 5496
5673 5496
5674 5460
5675 5504
5676 5504
5677 5504
5678 5496
5679 5506
5682 5632
5683 5631
5684 5453
5685 5453
5686 5631
5687 5453
5688 5453
5689 5453
5690 5453
5691 5453
5692 5453
5693 5457
5694 5461
5695 5461
5696 5460
5697 5460
5698 5461
5699 5460
5700 5670
5701 5669
5702 5668
5703 5669
5704 5669
5705 5668
5706 5668
5707 5668
5708 5668
5709 5668
5710 5670
5711 5669
5712 5669
5713 5468
5714 5470
5715 5461
5716 5461
5719 5453
5720 5457
5724 5510
5725 5507
5726 5422
5727 5512
5728 5512
5729 5435
5730 5438
5731 5436
5732 5435
5733 5511
5734 5511
5735 5435
5736 5436
5737 5436
5738 5436
5739 5484
5740 5484
5741 5511
5742 5510
5743 5514
5744 5514
5745 5514
5746 5514
5747 5484
5748 5514
5749 5510
5750 5514
5751 5522
5752 5510
5753 5510
5754 5510
5755 5282
5756 5522
5757 5520
5758 5522
5759 5287
5760 5287
5761 5287
5762 5277
5763 5281
5764 5277
5765 5281
5766 5281
5767 5281
5768 5277
5769 5277
5770 5277
5771 5511
5772 5277
5774 5287
5775 5286
5777 5523
5778 5537
5896 5699
5897 5699
5898 5699
5899 5699
5901 5634
5906 5691
5913 5691
5916 5421
5917 5421
5918 5721
5919 5665
5920 5429
5921 5421
5922 5430
5923 5430
5924 5426
5925 5691
5926 5669
5927 5430
5928 5691
5929 5669
5930 5669
5931 5669
5932 5669
5933 5666
5934 5668
5935 5668
5936 5668
5937 5668
5938 5668
5939 5668
5940 5665
5941 5665
5942 5454
5943 5450
5944 5449
5945 5451
5946 5454
5947 5453
5948 5906
5949 5906
5950 5669
5951 5440
5952 5910
5953 5899
5954 5667
5955 5662
5956 5669
5957 5910
5958 5662
5959 5660
5960 5672
5961 5669
5962 5909
5968 5511
5969 5636
5970 5515
5972 5514
5973 5515
5974 5515
5975 5514
5976 5514
5977 5521
5978 5659
5980 5522
6031 5997
6032 5996
6033 5997
6034 5997
6061 6021
6062 6021
6067 6023
6084 5693
6088 5694
6089 5695
6095 5938
6096 5937
6100 5699
6101 5696
6103 5696
6104 5696
6105 5696
6106 5699
6107 5696
6108 5700
6109 5696
6110 5700
6111 5696
6112 5699
6113 5700
6114 5696
6115 5700
6116 5696
6117 5700
6118 5696
6119 5700
6120 5696
6121 5696
6122 5696
6123 5700
6124 5705
6125 5697
6126 5696
6127 5696
6128 5696
6129 5697
6130 5696
6131 5697
6132 5697
6133 5696
6134 5696
6135 5705
6136 5705
6137 5704
6138 5696
6139 5704
6140 5705
6141 5697
6142 5705
6143 5695
6144 5695
6145 5697
6146 5697
6147 5704
6148 5489
6149 5704
6150 6116
6151 6116
6152 6116
6153 6112
6154 6120
6155 6112
6156 6113
6157 6112
6158 6119
6159 6112
6160 6113
6161 6120
6162 6120
6163 6104
6164 6120
6165 6104
6166 6104
6167 6120
6168 6104
6169 6104
6170 6119
6171 6119
6172 6119
6173 6104
6174 6104
6175 6104
6176 6109
6177 6109
6178 6109
6179 6109
6180 6123
6181 6138
6182 6123
6183 6144
6184 6150
6185 6149
6186 6149
6187 6147
6188 6145
6189 6149
6190 6123
6191 6126
6192 6126
6193 6135
6194 6126
6195 6123
6196 6135
6197 6136
6198 6135
6199 6132
6200 6132
6201 6132
6202 6132
6203 6132
6204 6132
6205 6132
6206 6121
6207 6104
6208 6120
6209 6104
6210 6168
6211 6166
6212 6168
6213 6166
6214 6168
6215 6120
6216 6167
6217 6167
6218 6167
6219 6123
6220 6178
6221 6158
6222 6177
6223 6178
6224 6177
6225 6178
6226 6179
6227 6180
6228 6180
6229 6180
6230 6179
6231 6180
6232 6167
6233 6126
6234 6168
6235 6126
6236 6167
6237 6169
6238 6168
6239 6168
6240 6208
6241 6178
6242 6208
6243 6178
6244 6180
6245 6180
6246 6179
6247 6179
6248 6178
6249 6123
6250 6132
6251 6132
6252 6123
6253 6171
6254 6136
6255 6194
6256 6190
6257 6190
6258 6190
6259 6192
6260 6194
6261 6190
6262 6190
6263 5704
6264 5705
6265 5704
6266 6123
6267 5704
6268 5705
6269 6190
6270 6214
6271 6240
6272 6240
6273 6233
6274 6240
6275 5696
6276 5696
6277 5696
6278 5696
6279 5696
6280 5689
6281 6214
6282 5709
6283 5710
6284 5709
6285 5489
6286 5710
6287 5488
6288 5709
6289 5710
6290 5709
6291 5468
6292 5461
6293 5477
6294 5477
6296 5461
6297 6189
6298 5488
6299 5710
6300 5486
6301 5486
6302 5474
6303 5486
6304 5474
6305 5474
6306 5708
6307 5474
6308 5474
6309 5486
6310 5474
6311 5474
6312 5486
6313 5474
6314 5474
6315 5474
6316 5474
6317 5475
6318 5474
6319 5474
6320 5474
6321 5474
6322 5474
6323 5474
6324 5474
6325 5474
6326 5485
6327 5474
6328 5474
6329 5472
6330 5472
6331 5472
6332 5474
6333 5474
6334 5474
6335 5472
6336 5474
6337 5474
6338 5474
6339 5474
6340 5710
6341 5712
6342 5713
6343 5710
6344 5436
6345 5457
6346 5457
6347 5457
6348 5707
6349 5707
6350 5706
6351 5707
6352 5712
6354 5693
6355 5718
6356 5718
6357 5693
6358 5719
6359 5718
6360 5712
6361 5716
6362 5719
6363 5718
6364 5718
6365 5711
6366 5711
6367 5708
6368 5708
6369 5709
6370 5707
6371 5712
6372 5709
6373 5467
6374 5713
6375 5715
6376 5731
